36.4344
36.4198
36.5849
36.5211
36.5722
36.5761
36.5739
36.6248
36.4938
36.592
36.6279
36.5297
36.5798
36.4271
36.4623
36.4195
36.4659
36.4858
36.5439
36.4598
36.631
36.5022
36.6278
36.4996
36.4733
36.4207
36.6041
36.5149
36.5166
36.4487
36.4524
36.4596
36.4916
36.4406
36.5174
36.5878
36.6183
36.4325
36.4395
36.4838
36.5409
36.4669
36.5051
36.614
36.517
36.5756
36.5635
36.5397
36.5309
36.4387
36.4566
36.5061
36.5575
36.6039
36.4452
36.583
36.4386
36.4514
36.4971
36.6328
36.4351
36.4344
36.6094
36.536
36.4215
36.4792
36.4191
36.5298
36.5844
36.4654
36.4352
36.6108
36.4434
36.6241
36.5097
36.5912
36.4965
36.5986
36.593
36.5399
36.5002
36.5571
36.5659
36.4786
36.5651
36.6109
36.5533
36.6339
36.5654
36.4997
36.4361
36.5678
36.5976
36.575
36.5396
36.4302
36.4596
36.6027
36.5819
36.4643
36.448
36.5171
36.4905
36.4198
36.4787
36.5636
36.5207
36.6256
36.6341
36.5664
36.4726
36.4317
36.4655
36.473
36.6245
36.5474
36.4681
36.5312
36.5722
36.5823
36.5568
36.4901
36.452
36.5998
36.4418
36.4505
36.586
36.5252
36.5417
36.491
36.4878
36.5188
36.6258
36.4979
36.6197
36.4924
36.5613
36.5202
36.6326
36.4152
36.5093
36.4664
36.5018
36.5146
36.5417
36.5145
36.5523
36.5679
36.5967
36.519
36.5098
36.4848
36.5038
36.4743
36.537
36.5745
36.4296
36.5169
36.5221
36.6311
36.4591
36.4281
36.4566
36.6232
36.4956
36.4181
36.5007
36.6318
36.5024
36.5531
36.4297
36.6082
36.4607
36.4461
36.517
36.616
36.4184
36.5037
36.6121
36.4836
36.426
36.6264
36.4425
36.4509
36.4973
36.5646
36.524
36.4708
36.4208
36.4549
36.4974
36.4383
36.5497
36.4256
36.6111
36.5806
36.436
36.4443
36.5272
36.593
36.5256
36.5955
36.468
36.4568
36.5153
36.5546
36.5957
36.4822
36.612
36.6144
36.4867
36.4262
36.5633
36.4862
36.4836
36.5533
36.5695
36.5856
36.487
36.5554
36.5309
36.5295
36.4248
36.4598
36.4878
36.463
36.4608
36.4778
36.5935
36.4989
36.5168
36.5639
36.4656
36.5322
36.5162
36.5313
36.6069
36.4515
36.5356
36.4216
36.5275
36.4526
36.4169
36.5522
36.5247
36.5849
36.4654
36.5102
36.4894
36.6165
36.5274
36.545
36.6216
36.5215
36.5611
36.5913
36.6024
36.4894
36.4264
36.5734
36.5708
36.5993
36.4571
36.4695
36.4841
36.5301
36.5725
36.4757
36.4707
36.4725
36.4578
36.6265
36.4538
36.4246
36.4452
36.5963
36.4401
36.6162
36.4609
36.4794
36.6044
36.4444
36.596
36.4324
36.6033
36.5836
36.5044
36.4495
36.476
36.4444
36.575
36.5461
36.4696
36.4803
36.5778
36.5999
36.5464
36.547
36.4735
36.593
36.5874
36.5076
36.5775
36.5993
36.5582
36.4849
36.474
36.4892
36.4475
36.4805
36.5368
36.5635
36.4846
36.437
36.5922
36.5601
36.5785
36.4853
36.5071
36.5705
36.5099
36.4886
36.4763
36.6207
36.5997
36.5927
36.4246
36.6023
36.4326
36.4509
36.5847
36.4931
36.4535
36.6163
36.4584
36.5337
36.4243
36.5762
36.5963
36.4499
36.555
36.5978
36.5955
36.5116
36.4886
36.4274
36.5826
36.5767
36.4703
36.5398
36.6288
36.4548
36.4086
36.4845
36.4231
36.5192
36.5903
36.422
36.525
36.4956
36.5505
36.5302
36.5707
36.5935
36.4854
36.6043
36.6278
36.4866
36.4887
36.627
36.5519
36.515
36.5892
36.5253
36.4811
36.4517
36.4085
36.4873
36.5064
36.4617
36.5758
36.4908
36.6218
36.4316
36.5746
36.6035
36.4597
36.6183
36.5174
36.5201
36.627
36.4874
36.6188
36.5052
36.6146
36.5507
36.5914
36.6235
36.6112
36.5336
36.5754
36.4628
36.6162
36.5321
36.499
36.4358
36.5762
36.4918
36.5619
36.5027
36.4573
36.5788
36.5125
36.5293
36.4746
36.491
36.6139
36.4728
36.4894
36.4284
36.5758
36.5973
36.5434
36.4866
36.5954
36.5961
36.5473
36.5087
36.4748
36.5344
36.4617
36.4608
36.5175
36.5187
36.492
36.4887
36.4175
36.467
36.469
36.5915
36.454
36.4774
36.5999
36.4315
36.4968
36.4478
36.619
36.4291
36.5187
36.5447
36.5973
36.4411
36.5029
36.4522
36.4077
36.4493
36.4491
36.4489
36.4396
36.4512
36.5575
36.5024
36.6029
36.6209
36.4791
36.4529
36.5734
36.6127
36.4275
36.5747
36.4466
36.4417
36.5922
36.5957
36.4941
36.4938
36.566
36.4133
36.5075
36.428
36.5621
36.5201
36.5993
36.5981
36.5713
36.6219
36.5236
36.5162
36.5726
36.5901
36.4479
36.6046
36.5556
36.4537
36.4937
36.4144
36.5675
36.4128
36.4497
36.4069
36.5929
36.4959
36.4274
36.6071
36.5318
36.4697
36.5671
36.6164
36.4155
36.6178
36.4446
36.4094
36.4513
36.605
36.5143
36.5816
36.5187
36.4619
36.5834
36.5681
36.5011
36.4812
36.5775
36.5706
36.433
36.6189
36.4176
36.5888
36.5312
36.6111
36.6109
36.5237
36.557
36.5364
36.5557
36.545
36.4318
36.6155
36.5833
36.4371
36.4105
36.4842
36.5633
36.6233
36.5819
36.4515
36.581
36.5962
36.5228
36.5136
36.4811
36.4781
36.6226
36.4874
36.5116
36.4689
36.4377
36.4488
36.5479
36.5698
36.5183
36.5327
36.4145
36.5078
36.5244
36.5636
36.5518
36.4514
36.6161
36.4109
36.4076
36.446
36.4242
36.56
36.4877
36.5971
36.5043
36.4275
36.5821
36.4169
36.5629
36.5151
36.6231
36.4448
36.4924
36.4051
36.4968
36.4773
36.4636
36.594
36.5273
36.4201
36.557
36.5541
36.4036
36.4371
36.5121
36.5994
36.4613
36.5578
36.5545
36.5706
36.5289
36.4724
36.4905
36.5267
36.5511
36.4027
36.4962
36.5552
36.4353
36.5241
36.4509
36.4322
36.4497
36.5438
36.4472
36.4311
36.4284
36.581
36.522
36.5948
36.4297
36.4459
36.6022
36.474
36.4137
36.5642
36.4629
36.5152
36.6166
36.4426
36.5971
36.5149
36.5092
36.4574
36.6001
36.5679
36.5911
36.4047
36.4054
36.5648
36.509
36.4993
36.5753
36.4601
36.4845
36.4671
36.5484
36.5481
36.5424
36.4237
36.5588
36.5775
36.4357
36.5972
36.4764
36.6166
36.5075
36.4345
36.5704
36.4981
36.497
36.5446
36.618
36.6106
36.4512
36.4756
36.4658
36.4714
36.4603
36.5593
36.4259
36.5595
36.5235
36.5822
36.4967
36.5033
36.5502
36.4622
36.4483
36.4741
36.5036
36.5057
36.5311
36.583
36.4441
36.5916
36.4217
36.4125
36.4865
36.4219
36.6125
36.5718
36.5498
36.4439
36.434
36.6188
36.4265
36.5675
36.4578
36.5389
36.5187
36.4136
36.4744
36.4151
36.5371
36.5848
36.5427
36.5655
36.5439
36.4547
36.5463
36.5236
36.5025
36.5767
36.4921
36.4523
36.5699
36.4944
36.4767
36.4011
36.5345
36.5957
36.5793
36.4505
36.5793
36.5515
36.4704
36.4178
36.4347
36.6155
36.5042
36.5863
36.4206
36.4081
36.4139
36.4975
36.5126
36.5054
36.4688
36.5343
36.4906
36.5417
36.5572
36.5637
36.4588
36.5664
36.5072
36.4021
36.4328
36.593
36.4063
36.5705
36.5623
36.5134
36.5695
36.4731
36.5608
36.5586
36.6057
36.4233
36.5813
36.5252
36.6048
36.5889
36.4627
36.5255
36.4083
36.4139
36.4113
36.4389
36.4533
36.4396
36.6146
36.555
36.4205
36.5101
36.4445
36.6148
36.5264
36.5066
36.471
36.6173
36.4255
36.4811
36.4675
36.4793
36.4311
36.4022
36.5381
36.5909
36.5076
36.5854
36.4746
36.4639
36.3988
36.4736
36.4082
36.4429
36.613
36.4403
36.4451
36.5778
36.5796
36.5844
36.5498
36.4436
36.4546
36.406
36.5414
36.4421
36.4863
36.4099
36.4439
36.4788
36.4607
36.4276
36.4624
36.5606
36.6052
36.544
36.4759
36.4302
36.5881
36.4123
36.5803
36.4409
36.5872
36.496
36.4472
36.5155
36.4265
36.5199
36.5564
36.5331
36.4853
36.4845
36.4601
36.4922
36.6064
36.5551
36.481
36.617
36.4671
36.3966
36.5521
36.6038
36.5929
36.4704
36.4669
36.465
36.5897
36.527
36.5545
36.4373
36.4479
36.6091
36.5824
36.5096
36.4298
36.6089
36.4718
36.5922
36.4991
36.5755
36.4844
36.5003
36.5623
36.604
36.4233
36.5117
36.6055
36.5817
36.5065
36.4264
36.5049
36.5707
36.6081
36.5604
36.5275
36.4813
36.5809
36.6047
36.5826
36.4117
36.6159
36.6071
36.4454
36.4487
36.5799
36.5612
36.4027
36.4972
36.3987
36.5041
36.434
36.5848
36.4707
36.4044
36.4656
36.5773
36.5377
36.611
36.4569
36.6029
36.5036
36.6011
36.5193
36.4654
36.5421
36.5436
36.5042
36.5573
36.5745
36.5649
36.3996
36.4936
36.5069
36.5926
36.4793
36.5724
36.615
36.5809
36.4386
36.4694
36.3965
36.5187
36.6124
36.5673
36.4464
36.4548
36.5825
36.4722
36.419
36.5433
36.5415
36.4359
36.5984
36.5917
36.4987
36.4493
36.5552
36.4933
36.4666
36.5867
36.4169
36.5772
36.5933
36.5561
36.5364
36.4914
36.5387
36.5441
36.514
36.4628
36.4181
36.5358
36.4699
36.4314
36.4518
36.5939
36.4568
36.5768
36.505
36.481
36.553
36.6106
36.5166
36.5249
36.6086
36.5616
36.5369
36.5755
36.5159
36.5802
36.4227
36.4654
36.4903
36.5516
36.5803
36.4898
36.6143
36.4755
36.585
36.5467
36.5609
36.5734
36.4034
36.4255
36.4697
36.4636
36.4568
36.6095
36.519
36.4018
36.5109
36.4634
36.4093
36.5235
36.4675
36.4795
36.408
36.5212
36.3984
36.4425
36.6044
36.4133
36.5612
36.515
36.4535
36.4355
36.6135
36.425
36.439
36.4909
36.6108
36.5955
36.511
36.5456
36.6027
36.4547
36.4838
36.429
36.4855
36.6066
36.4463
36.5127
36.6003
36.4462
36.5798
36.4241
36.5881
36.453
36.452
36.4079
36.5285
36.436
36.5284
36.6075
36.3938
36.5827
36.5448
36.4503
36.5737
36.4904
36.6122
36.4906
36.4164
36.4802
36.4558
36.6013
36.525
36.4754
36.534
36.4173
36.4528
36.4915
36.5961
36.4855
36.419
36.4095
36.4378
36.4649
36.5583
36.5481
36.5768
36.5597
36.4484
36.5282
36.6042
36.5049
36.5114
36.5703
36.5974
36.4218
36.5162
36.4079
36.5754
36.4619
36.4906
36.5427
36.4202
36.5306
36.6044
36.4528
36.4183
36.5487
36.4589
36.5539
36.3984
36.5236
36.4187
36.4727
36.5267
36.4052
36.411
36.5052
36.4569
36.4807
36.5671
36.4568
36.5573
36.5207
36.3949
36.4615
36.5653
36.3933
36.3962
36.5595
36.5756
36.5732
36.5065
36.4975
36.5018
36.5109
36.538
36.5847
36.5319
36.5653
36.5055
36.4931
36.4119
36.4744
36.5568
36.5552
36.4482
36.5674
36.5934
36.5041
36.4545
36.5018
36.4825
36.423
36.4167
36.4553
36.5043
36.397
36.5
36.4141
36.4044
36.4673
36.3942
36.5924
36.5005
36.4567
36.514
36.5485
36.5855
36.3908
36.5999
36.4865
36.401
36.3976
36.3981
36.4381
36.4536
36.4754
36.5716
36.4829
36.5672
36.5898
36.4839
36.4843
36.4749
36.6086
36.5442
36.5054
36.413
36.4249
36.5276
36.4526
36.4268
36.5704
36.4723
36.5307
36.5008
36.4712
36.5352
36.5822
36.433
36.5021
36.604
36.4151
36.5568
36.4322
36.5696
36.5754
36.4589
36.5556
36.3984
36.4889
36.4823
36.397
36.4396
36.5041
36.4243
36.3914
36.4383
36.4472
36.4352
36.4298
36.5886
36.5511
36.455
36.4261
36.4432
36.5907
36.5456
36.5476
36.5614
36.4308
36.4169
36.4664
36.442
36.5018
36.4374
36.4733
36.5866
36.4246
36.453
36.4077
36.5531
36.3926
36.5711
36.5533
36.5595
36.4002
36.4575
36.4992
36.579
36.5847
36.4451
36.582
36.519
36.4357
36.4704
36.4248
36.3925
36.4245
36.4628
36.5919
36.571
36.6018
36.5673
36.5991
36.5472
36.4603
36.5158
36.5435
36.4475
36.547
36.478
36.4507
36.4389
36.4598
36.3959
36.4606
36.5596
36.4675
36.5194
36.5017
36.6078
36.5936
36.4516
36.4251
36.4742
36.481
36.5786
36.4081
36.5588
36.5952
36.3937
36.4184
36.4862
36.5211
36.465
36.5192
36.4083
36.5213
36.4874
36.5639
36.4291
36.5109
36.4586
36.5868
36.5276
36.5983
36.6013
36.5557
36.5026
36.4983
36.5175
36.4663
36.4536
36.5862
36.588
36.591
36.5559
36.4946
36.4509
36.4005
36.565
36.4141
36.6049
36.5456
36.4609
36.3877
36.4547
36.4054
36.4293
36.4777
36.3886
36.5056
36.5731
36.4423
36.4299
36.5374
36.5631
36.5111
36.5897
36.4473
36.4886
36.3974
36.469
36.3885
36.4991
36.5365
36.5047
36.5208
36.4966
36.5765
36.5014
36.5852
36.5153
36.495
36.5056
36.606
36.5312
36.5667
36.4182
36.5839
36.5144
36.6026
36.3943
36.5592
36.5553
36.4798
36.6006
36.5757
36.4483
36.4677
36.5295
36.5059
36.4193
36.4379
36.4979
36.4211
36.4056
36.4509
36.5878
36.5224
36.426
36.5264
36.4408
36.5694
36.3877
36.5407
36.5201
36.5804
36.3918
36.5026
36.5282
36.4709
36.4382
36.503
36.3875
36.5332
36.5431
36.5651
36.5675
36.4289
36.5464
36.5922
36.5311
36.4229
36.4346
36.5454
36.5114
36.4871
36.4693
36.5504
36.4153
36.52
36.4699
36.5436
36.4314
36.5294
36.4568
36.5698
36.4929
36.5913
36.5374
36.4573
36.5659
36.5285
36.509
36.4735
36.5516
36.5825
36.558
36.3979
36.5184
36.4781
36.5259
36.4979
36.4929
36.4423
36.3929
36.5625
36.5319
36.5797
36.5082
36.4536
36.5106
36.4939
36.5759
36.4254
36.3866
36.5567
36.4183
36.5944
36.581
36.476
36.4775
36.4725
36.4156
36.4387
36.578
36.4777
36.5296
36.5487
36.3894
36.4061
36.5993
36.5935
36.5595
36.4074
36.5852
36.4124
36.5397
36.5129
36.4166
36.498
36.5148
36.4817
36.5366
36.4887
36.3877
36.4519
36.4655
36.4513
36.5423
36.4963
36.5542
36.5911
36.4732
36.4132
36.3994
36.457
36.3893
36.5752
36.5627
36.5236
36.4271
36.431
36.3924
36.5518
36.4376
36.5321
36.5013
36.5615
36.3855
36.4835
36.4299
36.5474
36.4988
36.5722
36.5813
36.4918
36.4166
36.5774
36.469
36.5456
36.4176
36.5995
36.5598
36.4331
36.493
36.4504
36.5657
36.3974
36.4254
36.3951
36.4588
36.3945
36.5756
36.5977
36.469
36.4535
36.3994
36.4014
36.5634
36.4162
36.5768
36.4208
36.3841
36.4991
36.5946
36.4609
36.5244
36.4362
36.3838
36.579
36.4503
36.5267
36.4356
36.43
36.5842
36.4998
36.4683
36.4805
36.4235
36.5325
36.5518
36.5952
36.4194
36.5095
36.4755
36.5842
36.5146
36.511
36.4299
36.4332
36.5771
36.5406
36.4093
36.5234
36.5499
36.5134
36.456
36.5093
36.5704
36.5094
36.4661
36.4193
36.4202
36.4487
36.5899
36.4727
36.4774
36.5671
36.5148
36.5023
36.5417
36.545
36.5342
36.5103
36.5922
36.4467
36.5079
36.4389
36.4343
36.3994
36.5068
36.5944
36.5273
36.4288
36.4546
36.552
36.4858
36.5642
36.581
36.5695
36.4567
36.5181
36.5403
36.4974
36.5326
36.581
36.4613
36.4705
36.5061
36.3836
36.3904
36.5057
36.4472
36.4745
36.5527
36.4716
36.421
36.5752
36.4831
36.5483
36.4042
36.563
36.3984
36.4836
36.3976
36.475
36.5249
36.5733
36.5333
36.4933
36.3846
36.4722
36.511
36.5425
36.4557
36.5179
36.3881
36.4818
36.3993
36.459
36.5299
36.457
36.4112
36.5329
36.5713
36.5882
36.4959
36.4666
36.5658
36.5964
36.4159
36.4933
36.4254
36.5824
36.5606
36.5669
36.418
36.4534
36.4604
36.5244
36.5567
36.5488
36.3877
36.5615
36.4257
36.5807
36.4927
36.5038
36.4056
36.5536
36.3849
36.581
36.5138
36.5108
36.4889
36.4868
36.4336
36.5389
36.3859
36.4009
36.5433
36.4444
36.4218
36.4125
36.418
36.5281
36.4117
36.486
36.3975
36.5265
36.4043
36.5865
36.5642
36.4084
36.4269
36.376
36.5407
36.559
36.4713
36.4003
36.4299
36.3781
36.4735
36.5628
36.4973
36.4101
36.4066
36.4648
36.4572
36.4861
36.4268
36.5024
36.3828
36.583
36.4481
36.4651
36.5913
36.4372
36.5436
36.4601
36.4688
36.4728
36.4423
36.5083
36.4659
36.4194
36.5454
36.5009
36.5673
36.5249
36.4587
36.4778
36.4505
36.513
36.5455
36.4139
36.4346
36.4094
36.4535
36.5729
36.5457
36.5588
36.4534
36.3934
36.4366
36.4032
36.5549
36.5482
36.4669
36.5491
36.4909
36.5845
36.4124
36.4451
36.4838
36.4876
36.4342
36.48
36.4533
36.5354
36.595
36.5074
36.4891
36.5501
36.5524
36.5635
36.4137
36.5627
36.4798
36.3744
36.4013
36.4108
36.4414
36.4941
36.5144
36.4424
36.5625
36.4402
36.4855
36.577
36.5244
36.5559
36.5485
36.4664
36.5586
36.449
36.3846
36.5096
36.4873
36.5318
36.4204
36.5721
36.4481
36.4563
36.5802
36.5158
36.4439
36.3746
36.4776
36.5496
36.5025
36.5219
36.4643
36.5486
36.4222
36.4204
36.3864
36.4553
36.5212
36.3805
36.4843
36.5056
36.4136
36.5389
36.5174
36.5383
36.5325
36.4086
36.4633
36.3765
36.4309
36.479
36.539
36.4297
36.4888
36.5914
36.4659
36.5178
36.4012
36.4506
36.4259
36.5851
36.5915
36.5644
36.5859
36.5453
36.4101
36.5935
36.3908
36.5131
36.4735
36.4308
36.4478
36.4768
36.5351
36.5362
36.4202
36.4039
36.4782
36.425
36.4813
36.4367
36.4483
36.4101
36.5751
36.4244
36.409
36.4258
36.4327
36.4078
36.5538
36.5196
36.5255
36.5027
36.5615
36.5693
36.4742
36.5695
36.519
36.5489
36.4264
36.4287
36.5113
36.5425
36.4453
36.4994
36.5532
36.374
36.5865
36.5586
36.5545
36.45
36.4649
36.5835
36.4947
36.5611
36.4294
36.5413
36.4731
36.5162
36.5479
36.372
36.4184
36.4413
36.5401
36.4865
36.5736
36.4748
36.412
36.5592
36.5122
36.3907
36.4438
36.4735
36.4015
36.4907
36.5135
36.5154
36.3831
36.3912
36.3937
36.5246
36.493
36.3803
36.4159
36.533
36.4176
36.3722
36.4942
36.5886
36.4211
36.5807
36.5471
36.5537
36.3889
36.5192
36.5871
36.5846
36.5778
36.4953
36.3743
36.3949
36.4541
36.4887
36.5166
36.4357
36.5364
36.397
36.5057
36.3746
36.482
36.4187
36.4654
36.4944
36.5718
36.4958
36.4026
36.5109
36.3741
36.5537
36.4694
36.5389
36.4468
36.4971
36.4574
36.4187
36.4121
36.5081
36.4402
36.4524
36.3927
36.5729
36.4217
36.4132
36.5261
36.3868
36.5225
36.4539
36.4154
36.5152
36.4636
36.5645
36.5308
36.4118
36.5586
36.5182
36.5862
36.4705
36.4027
36.4759
36.3844
36.4455
36.4921
36.468
36.3743
36.5324
36.5402
36.4378
36.3961
36.4798
36.4025
36.4304
36.4249
36.4129
36.5195
36.396
36.4748
36.4286
36.4854
36.5796
36.3945
36.4942
36.5035
36.5841
36.5511
36.5687
36.5223
36.4722
36.5702
36.3992
36.5727
36.3733
36.5285
36.4933
36.4243
36.5804
36.5184
36.3831
36.3951
36.4932
36.4567
36.4642
36.5297
36.5143
36.439
36.4639
36.4169
36.4318
36.4849
36.3759
36.4895
36.3879
36.4689
36.4027
36.4411
36.5228
36.5606
36.5772
36.569
36.5087
36.5148
36.3832
36.5028
36.466
36.3903
36.552
36.5505
36.4962
36.4024
36.5766
36.4457
36.5443
36.5514
36.5183
36.5808
36.4389
36.5794
36.5816
36.41
36.4903
36.581
36.3851
36.3748
36.3854
36.4539
36.4958
36.5498
36.4692
36.5223
36.5841
36.3715
36.5023
36.4157
36.4628
36.3874
36.4397
36.5159
36.5199
36.4301
36.5419
36.5492
36.5072
36.4248
36.5712
36.4752
36.5016
36.5182
36.5494
36.4521
36.3764
36.5742
36.483
36.5192
36.5367
36.459
36.5844
36.376
36.5367
36.555
36.3791
36.5362
36.4585
36.4935
36.5138
36.3782
36.5421
36.4168
36.4354
36.5697
36.464
36.546
36.4174
36.5302
36.5726
36.5214
36.429
36.4247
36.4925
36.4808
36.5622
36.3792
36.4796
36.5122
36.4807
36.4436
36.5174
36.3878
36.584
36.4095
36.564
36.5488
36.4986
36.49
36.5327
36.3786
36.3854
36.4616
36.4903
36.5494
36.5351
36.4232
36.5311
36.577
36.3859
36.4452
36.5878
36.5577
36.5148
36.4796
36.5782
36.3891
36.381
36.5726
36.4147
36.4694
36.4663
36.5503
36.4434
36.4781
36.492
36.5644
36.5667
36.4278
36.4891
36.4413
36.5167
36.4692
36.4049
36.5282
36.4377
36.5177
36.4783
36.5209
36.5869
36.5622
36.5009
36.5495
36.4671
36.5799
36.5441
36.4041
36.3724
36.5614
36.4445
36.3892
36.5254
36.5697
36.5657
36.5042
36.5766
36.4321
36.5748
36.3853
36.5053
36.4579
36.3789
36.4955
36.3663
36.5264
36.372
36.459
36.5713
36.5283
36.579
36.446
36.3938
36.57
36.4266
36.5741
36.547
36.5366
36.5823
36.4139
36.4758
36.5782
36.5092
36.4644
36.5255
36.3645
36.4819
36.5676
36.4675
36.4469
36.5337
36.418
36.566
36.4297
36.569
36.5208
36.5727
36.4162
36.3655
36.4918
36.382
36.5648
36.3688
36.3963
36.4415
36.5159
36.3665
36.4627
36.4767
36.527
36.5394
36.3772
36.5058
36.3838
36.524
36.4193
36.5288
36.4131
36.4931
36.5513
36.3639
36.4463
36.5426
36.469
36.5821
36.4248
36.3674
36.5481
36.5633
36.5405
36.3951
36.5146
36.4666
36.4309
36.5413
36.5387
36.3791
36.4009
36.5038
36.4836
36.4703
36.5086
36.584
36.5679
36.3973
36.4361
36.4834
36.4846
36.39
36.3738
36.5671
36.4143
36.447
36.407
36.5382
36.5485
36.4845
36.4834
36.4485
36.39
36.4295
36.429
36.3868
36.4064
36.5845
36.4785
36.5146
36.5432
36.4551
36.521
36.5724
36.4479
36.4236
36.4211
36.3731
36.4036
36.4678
36.4462
36.3701
36.5541
36.3787
36.5385
36.5138
36.4562
36.4914
36.4049
36.5635
36.5326
36.5173
36.4805
36.5134
36.5199
36.3675
36.3619
36.5451
36.3916
36.4635
36.4956
36.4725
36.4165
36.4311
36.5713
36.3687
36.3909
36.4775
36.3783
36.526
36.4362
36.5554
36.4665
36.4201
36.4127
36.4734
36.4645
36.523
36.3876
36.5172
36.4491
36.4762
36.5253
36.3704
36.4915
36.4145
36.422
36.5668
36.5584
36.4431
36.5142
36.364
36.5752
36.4137
36.5452
36.4941
36.4728
36.5638
36.3623
36.3939
36.3697
36.4187
36.4888
36.463
36.5407
36.4123
36.5419
36.4478
36.553
36.4681
36.5817
36.5667
36.3996
36.5183
36.4497
36.5699
36.4694
36.5565
36.5606
36.5116
36.5691
36.4821
36.5353
36.5611
36.4525
36.4396
36.4009
36.4692
36.5441
36.3896
36.5409
36.3682
36.5361
36.5597
36.4098
36.3769
36.4228
36.4073
36.5785
36.5717
36.3694
36.3775
36.4186
36.5374
36.4783
36.3725
36.4612
36.4185
36.5654
36.4654
36.4694
36.4127
36.5279
36.4668
36.4728
36.5102
36.3643
36.3621
36.3699
36.5637
36.445
36.4334
36.4253
36.499
36.4211
36.3999
36.4225
36.4546
36.5717
36.3919
36.3961
36.5173
36.4335
36.3606
36.5555
36.3753
36.445
36.3715
36.5795
36.4547
36.4989
36.5084
36.499
36.5673
36.5002
36.5085
36.4906
36.5744
36.4338
36.366
36.4951
36.5096
36.5377
36.46
36.5292
36.4397
36.5274
36.5544
36.4872
36.5566
36.5644
36.4486
36.4612
36.5336
36.3993
36.5261
36.4881
36.4186
36.4075
36.5313
36.3624
36.4098
36.5774
36.5413
36.5001
36.5068
36.3697
36.5149
36.4825
36.4244
36.4828
36.4486
36.4008
36.4899
36.3818
36.4533
36.451
36.3696
36.448
36.3739
36.4115
36.483
36.5485
36.5688
36.4277
36.4248
36.4345
36.3744
36.4065
36.5721
36.501
36.5689
36.4655
36.5554
36.4379
36.5106
36.4895
36.4678
36.4732
36.4441
36.4101
36.3987
36.3873
36.3647
36.3835
36.5091
36.3847
36.4722
36.4339
36.5244
36.4213
36.5571
36.4796
36.531
36.5365
36.3989
36.472
36.4958
36.4392
36.4972
36.495
36.3988
36.508
36.5374
36.392
36.4427
36.4796
36.3575
36.5018
36.5202
36.4121
36.5479
36.4815
36.5145
36.4904
36.438
36.3675
36.3766
36.4626
36.5448
36.5229
36.3919
36.471
36.4022
36.4144
36.5231
36.5015
36.4912
36.358
36.5625
36.3816
36.5048
36.5255
36.5281
36.4791
36.3802
36.5447
36.5034
36.5747
36.5595
36.4701
36.4398
36.5172
36.5704
36.4492
36.3963
36.5762
36.4523
36.4006
36.5093
36.4273
36.5307
36.4449
36.4475
36.3991
36.5131
36.4156
36.5367
36.5704
36.5571
36.5543
36.4627
36.5387
36.4948
36.4789
36.4681
36.365
36.4485
36.4631
36.4575
36.5262
36.5316
36.5727
36.5578
36.5736
36.4579
36.5696
36.543
36.5567
36.3628
36.4308
36.4021
36.5596
36.391
36.4816
36.5484
36.3932
36.4973
36.5254
36.5641
36.4963
36.529
36.4953
36.4948
36.5113
36.507
36.3592
36.5286
36.4856
36.4774
36.4987
36.4325
36.5288
36.5189
36.4639
36.4611
36.5655
36.4621
36.4008
36.5537
36.5123
36.4318
36.4392
36.3846
36.3956
36.538
36.4669
36.489
36.388
36.3807
36.5586
36.3767
36.5478
36.4019
36.4061
36.4668
36.4294
36.5266
36.4374
36.4536
36.3739
36.4864
36.3801
36.4785
36.5019
36.4616
36.5374
36.4772
36.4842
36.4893
36.4494
36.3714
36.3776
36.424
36.4858
36.4267
36.5061
36.551
36.4093
36.4752
36.5259
36.4348
36.3749
36.5082
36.4094
36.4085
36.5713
36.403
36.44
36.4549
36.4234
36.4202
36.4243
36.3775
36.4866
36.3919
36.4889
36.5677
36.5081
36.4872
36.5657
36.3858
36.4944
36.5072
36.4671
36.521
36.5731
36.4962
36.4881
36.4876
36.4113
36.49
36.4536
36.5471
36.5141
36.5665
36.3642
36.5547
36.5137
36.4179
36.4057
36.3666
36.3808
36.458
36.3871
36.5598
36.5246
36.362
36.5529
36.4169
36.393
36.4932
36.569
36.512
36.5751
36.3964
36.3554
36.4771
36.552
36.369
36.3551
36.3983
36.3671
36.5496
36.5605
36.5401
36.5467
36.4229
36.3878
36.5651
36.4055
36.4308
36.4669
36.553
36.4176
36.4128
36.3816
36.5134
36.3976
36.545
36.5248
36.4134
36.4939
36.3789
36.3658
36.4541
36.486
36.3846
36.3631
36.4406
36.4216
36.4041
36.4478
36.5625
36.4963
36.5613
36.5104
36.538
36.5252
36.4084
36.3655
36.5461
36.4231
36.5742
36.4358
36.516
36.4383
36.4965
36.5287
36.3593
36.4069
36.4972
36.4942
36.3547
36.4836
36.522
36.4027
36.5251
36.4343
36.4456
36.4899
36.3995
36.5247
36.5201
36.5288
36.5274
36.3569
36.4602
36.4688
36.506
36.511
36.3927
36.3931
36.367
36.4729
36.4394
36.525
36.4819
36.4539
36.4077
36.4776
36.533
36.4625
36.4063
36.5183
36.5232
36.5621
36.4261
36.4512
36.383
36.4055
36.4959
36.5337
36.5723
36.4889
36.5542
36.5712
36.4332
36.4466
36.5353
36.5468
36.3731
36.3844
36.4101
36.4115
36.5199
36.4142
36.4539
36.5356
36.4782
36.5309
36.486
36.5179
36.5226
36.422
36.4254
36.5469
36.4364
36.3648
36.4638
36.5301
36.5008
36.5199
36.465
36.36
36.4954
36.4147
36.4157
36.4819
36.5034
36.4109
36.3719
36.5427
36.3957
36.3527
36.3522
36.4409
36.3856
36.5326
36.4565
36.4522
36.5545
36.3795
36.5003
36.5486
36.5684
36.4772
36.4938
36.4232
36.3869
36.5019
36.5009
36.3987
36.4643
36.4732
36.546
36.5629
36.488
36.4124
36.3684
36.5244
36.3685
36.3993
36.5108
36.4696
36.4366
36.482
36.3664
36.3884
36.5058
36.5544
36.3824
36.3499
36.515
36.4011
36.3888
36.3824
36.4107
36.5149
36.3668
36.4598
36.5574
36.4991
36.4496
36.3893
36.5007
36.5481
36.5045
36.5152
36.4352
36.5034
36.4843
36.5681
36.5342
36.3497
36.5702
36.5241
36.431
36.3868
36.5486
36.3563
36.487
36.3984
36.536
36.3772
36.4166
36.4063
36.4845
36.3603
36.496
36.476
36.5041
36.4123
36.5596
36.3966
36.3537
36.567
36.4486
36.4747
36.5078
36.5433
36.3889
36.4224
36.4194
36.4344
36.4033
36.5337
36.4692
36.3912
36.539
36.4147
36.5009
36.4203
36.5598
36.3572
36.4827
36.492
36.4309
36.5505
36.5655
36.5205
36.4129
36.5553
36.3747
36.4003
36.5299
36.4995
36.4135
36.4307
36.5592
36.4927
36.5068
36.4964
36.4844
36.486
36.3933
36.4375
36.4254
36.4035
36.4429
36.4053
36.3589
36.445
36.4232
36.4373
36.5568
36.5688
36.5523
36.4358
36.416
36.4121
36.4727
36.4044
36.5262
36.4199
36.5651
36.3521
36.3755
36.5488
36.4332
36.5621
36.4144
36.4205
36.3884
36.3781
36.3965
36.3722
36.4459
36.3874
36.4275
36.4917
36.5168
36.5173
36.3869
36.3882
36.3642
36.4182
36.4308
36.491
36.4802
36.4801
36.5045
36.4247
36.4641
36.5055
36.3913
36.472
36.4609
36.3588
36.4977
36.4295
36.3947
36.5506
36.4684
36.4467
36.5095
36.4459
36.511
36.3559
36.5079
36.3666
36.3831
36.5059
36.3686
36.3482
36.5097
36.3873
36.4634
36.4637
36.4231
36.5306
36.4777
36.3729
36.5213
36.3851
36.4842
36.4203
36.467
36.5254
36.483
36.4132
36.3548
36.5475
36.4687
36.5348
36.5355
36.4325
36.5548
36.5143
36.5577
36.3528
36.4816
36.3592
36.428
36.5575
36.4714
36.4151
36.511
36.5239
36.3835
36.4157
36.4731
36.4661
36.5654
36.5093
36.5067
36.357
36.4877
36.4621
36.461
36.4024
36.4311
36.3664
36.3905
36.372
36.5374
36.5037
36.5475
36.4301
36.5649
36.3477
36.5013
36.5151
36.4132
36.5147
36.4128
36.3989
36.3965
36.5317
36.4389
36.3556
36.5666
36.4188
36.3466
36.4006
36.5471
36.4586
36.3995
36.4411
36.3509
36.4436
36.4004
36.5601
36.4042
36.5413
36.4789
36.441
36.3675
36.3907
36.3842
36.5659
36.5657
36.4611
36.4874
36.4757
36.4071
36.5613
36.4296
36.3732
36.5285
36.506
36.4267
36.547
36.471
36.3731
36.4912
36.4029
36.4043
36.5125
36.355
36.478
36.42
36.4584
36.4461
36.3951
36.561
36.3875
36.5088
36.4062
36.5146
36.401
36.3886
36.4303
36.353
36.4167
36.4261
36.4112
36.5463
36.5601
36.5391
36.5275
36.4001
36.5378
36.3548
36.5144
36.3732
36.368
36.4145
36.5074
36.4653
36.5213
36.4299
36.5546
36.3759
36.4027
36.5325
36.4663
36.5181
36.5419
36.3837
36.4596
36.4261
36.4764
36.3629
36.4633
36.4219
36.5331
36.5238
36.4035
36.4755
36.4469
36.4351
36.4784
36.3462
36.5285
36.3924
36.529
36.3564
36.439
36.4082
36.3432
36.4755
36.4984
36.4726
36.3599
36.5281
36.3938
36.5172
36.4771
36.4976
36.4054
36.3449
36.4315
36.5538
36.4493
36.4411
36.4583
36.4269
36.381
36.4878
36.5409
36.3826
36.5205
36.538
36.3855
36.4125
36.5405
36.3653
36.5634
36.4426
36.3691
36.4688
36.3974
36.3895
36.5517
36.3485
36.4234
36.4986
36.3764
36.4799
36.4288
36.3598
36.4897
36.5382
36.5057
36.5091
36.4139
36.4299
36.4154
36.3889
36.3569
36.4123
36.5232
36.5261
36.3823
36.4064
36.3456
36.4512
36.3705
36.3969
36.5264
36.5329
36.5291
36.4243
36.5178
36.3858
36.4197
36.4673
36.4625
36.3571
36.5581
36.4815
36.4988
36.3418
36.5378
36.5612
36.4901
36.3671
36.5442
36.5361
36.5438
36.4624
36.4548
36.4566
36.4735
36.35
36.4659
36.4519
36.3979
36.3882
36.4922
36.4793
36.3556
36.3558
36.3627
36.513
36.4138
36.5542
36.5061
36.4981
36.5402
36.4911
36.4523
36.399
36.5439
36.5212
36.3873
36.3663
36.4367
36.5107
36.3654
36.4699
36.3636
36.5266
36.4602
36.4252
36.3828
36.427
36.5204
36.4826
36.5227
36.3823
36.3808
36.4444
36.4883
36.5263
36.5593
36.3792
36.513
36.4841
36.4946
36.3802
36.4087
36.4896
36.4498
36.4356
36.3491
36.3461
36.5601
36.3748
36.3422
36.4433
36.4944
36.3714
36.4376
36.4072
36.46
36.5102
36.3823
36.4172
36.3959
36.5478
36.4242
36.4183
36.4882
36.4239
36.4192
36.4711
36.5291
36.4568
36.3688
36.5449
36.5508
36.5315
36.437
36.5263
36.3944
36.544
36.5239
36.4848
36.5136
36.5189
36.3921
36.3923
36.3745
36.4494
36.3899
36.3644
36.4719
36.5301
36.4688
36.521
36.5615
36.4708
36.5273
36.3535
36.5171
36.4774
36.4131
36.4741
36.4553
36.4531
36.5479
36.3509
36.5553
36.4389
36.4406
36.4914
36.4864
36.4971
36.5318
36.4485
36.4007
36.3769
36.4069
36.3409
36.3573
36.4236
36.4047
36.3708
36.5534
36.5319
36.3796
36.4879
36.4068
36.5532
36.3736
36.499
36.5137
36.3787
36.5394
36.3601
36.5117
36.3989
36.4348
36.3657
36.4385
36.3457
36.5449
36.4174
36.3475
36.5419
36.4959
36.3474
36.3826
36.4744
36.4183
36.5604
36.3484
36.4289
36.4141
36.4591
36.5078
36.3833
36.5496
36.5503
36.3971
36.3816
36.3515
36.3661
36.4235
36.3618
36.3476
36.4293
36.3731
36.4638
36.504
36.3813
36.4908
36.5455
36.4269
36.5108
36.3508
36.4535
36.4239
36.4564
36.3804
36.5257
36.5449
36.434
36.3485
36.4513
36.5212
36.5568
36.369
36.5012
36.4013
36.3613
36.4804
36.5161
36.5583
36.4194
36.4774
36.4332
36.5249
36.4851
36.4876
36.3525
36.5383
36.385
36.5141
36.5
36.3517
36.5147
36.5511
36.4496
36.4576
36.3815
36.3996
36.4179
36.3747
36.3965
36.5155
36.4179
36.4777
36.4002
36.5571
36.4924
36.5306
36.4611
36.3547
36.541
36.4321
36.4549
36.4521
36.4934
36.3641
36.4492
36.3858
36.3454
36.4934
36.3929
36.3908
36.3519
36.5079
36.3635
36.4442
36.4389
36.4319
36.4856
36.3805
36.5529
36.4491
36.5438
36.4079
36.5252
36.4601
36.4266
36.3534
36.4752
36.3523
36.5432
36.4735
36.5379
36.4691
36.5548
36.3691
36.3551
36.4065
36.4542
36.3655
36.4801
36.5485
36.4861
36.5032
36.348
36.5546
36.3899
36.3397
36.444
36.5415
36.3902
36.5351
36.4129
36.3376
36.5541
36.5039
36.4442
36.4379
36.3644
36.4138
36.3558
36.3617
36.3508
36.5529
36.3551
36.3713
36.4081
36.4294
36.4772
36.4222
36.5363
36.4862
36.408
36.466
36.422
36.5422
36.5248
36.5307
36.4619
36.3994
36.5306
36.545
36.5124
36.4516
36.3701
36.4799
36.3929
36.4232
36.4033
36.5105
36.5178
36.4913
36.4846
36.5015
36.5096
36.4096
36.4282
36.5057
36.3842
36.4866
36.3727
36.4699
36.417
36.4782
36.4534
36.4063
36.3709
36.4914
36.5189
36.4883
36.3907
36.3663
36.5161
36.4863
36.3532
36.3963
36.5423
36.4737
36.4837
36.5427
36.4376
36.3817
36.3929
36.5258
36.5337
36.437
36.4305
36.5344
36.3616
36.5041
36.4691
36.471
36.4149
36.3804
36.5304
36.5321
36.4491
36.4077
36.488
36.4135
36.4259
36.4854
36.3779
36.5089
36.4103
36.432
36.533
36.3417
36.4207
36.4469
36.5339
36.4003
36.4703
36.5043
36.4626
36.4111
36.3905
36.4936
36.4677
36.4416
36.3686
36.5097
36.5165
36.4513
36.3371
36.346
36.4176
36.3921
36.5157
36.4922
36.4256
36.3569
36.3645
36.521
36.4635
36.4149
36.4675
36.4867
36.5454
36.5356
36.3767
36.5375
36.4211
36.5491
36.3961
36.5557
36.388
36.5076
36.4567
36.3994
36.4837
36.4532
36.4876
36.5077
36.443
36.5343
36.3515
36.374
36.5327
36.3993
36.3709
36.4625
36.4235
36.3531
36.5329
36.4175
36.406
36.3817
36.4495
36.4828
36.4971
36.4749
36.5423
36.453
36.4086
36.5346
36.4875
36.5534
36.501
36.4397
36.4951
36.5198
36.5239
36.4709
36.4032
36.4827
36.3882
36.5206
36.4626
36.4163
36.5098
36.5512
36.4617
36.3544
36.3672
36.4863
36.4789
36.4763
36.379
36.4399
36.3426
36.4857
36.5405
36.3747
36.4509
36.4565
36.4899
36.4125
36.4887
36.5428
36.4203
36.3414
36.4582
36.3623
36.3837
36.3766
36.5219
36.5213
36.5251
36.4017
36.4073
36.5452
36.4789
36.3346
36.3708
36.4035
36.4492
36.4204
36.5475
36.4094
36.5166
36.5404
36.4169
36.5521
36.3362
36.4669
36.5157
36.3634
36.4944
36.5435
36.5256
36.4208
36.404
36.3581
36.4356
36.5118
36.3558
36.4316
36.345
36.342
36.4281
36.5318
36.4553
36.5134
36.5393
36.4433
36.523
36.3722
36.5096
36.3623
36.4699
36.401
36.4445
36.391
36.3504
36.4592
36.4682
36.4012
36.3792
36.5232
36.4612
36.4549
36.5121
36.4063
36.3509
36.4843
36.4345
36.3977
36.4088
36.5129
36.5101
36.4483
36.3603
36.3753
36.5434
36.5281
36.4556
36.4757
36.3398
36.4661
36.5499
36.4373
36.3974
36.4282
36.5051
36.4312
36.3542
36.415
36.3895
36.3548
36.4692
36.3689
36.5183
36.3652
36.3804
36.3692
36.548
36.4873
36.4368
36.4859
36.5351
36.3317
36.3517
36.3931
36.4101
36.4253
36.4596
36.4814
36.3914
36.5035
36.4647
36.5486
36.4785
36.4013
36.4018
36.4867
36.3675
36.5084
36.4781
36.3362
36.4259
36.3973
36.5469
36.4625
36.4183
36.5508
36.5465
36.4401
36.4422
36.4268
36.4918
36.4175
36.5365
36.4352
36.4141
36.4864
36.4906
36.4
36.4855
36.4478
36.3755
36.4857
36.5405
36.4147
36.4228
36.4931
36.4391
36.4677
36.3717
36.4079
36.5256
36.3305
36.3866
36.4203
36.5258
36.362
36.3371
36.4639
36.412
36.4606
36.4931
36.4244
36.3453
36.3304
36.5393
36.4435
36.4419
36.4217
36.368
36.5099
36.3589
36.501
36.3423
36.4986
36.5224
36.389
36.3742
36.3708
36.4061
36.505
36.5079
36.3946
36.3389
36.3672
36.4066
36.5286
36.5057
36.4246
36.4835
36.3891
36.4986
36.457
36.3356
36.5181
36.4936
36.4752
36.3912
36.5005
36.3322
36.3323
36.3326
36.381
36.5355
36.4043
36.3598
36.4376
36.512
36.4561
36.5193
36.4247
36.5409
36.3584
36.4974
36.3937
36.3494
36.3937
36.3399
36.542
36.4076
36.4274
36.5399
36.3543
36.3827
36.4655
36.5009
36.539
36.3421
36.3923
36.4574
36.5314
36.3436
36.398
36.344
36.5059
36.4952
36.5412
36.3448
36.4781
36.3312
36.4499
36.3532
36.367
36.3449
36.5076
36.3445
36.3962
36.3452
36.4309
36.5082
36.5013
36.4169
36.346
36.4805
36.5455
36.357
36.466
36.5235
36.4187
36.5186
36.5045
36.3582
36.4542
36.3381
36.4657
36.3697
36.4993
36.4253
36.526
36.3764
36.3527
36.4656
36.4073
36.3643
36.4896
36.407
36.3943
36.4424
36.4896
36.494
36.4738
36.5495
36.3308
36.4696
36.4194
36.45
36.4762
36.4675
36.385
36.4944
36.4833
36.3573
36.3313
36.3876
36.4728
36.3487
36.4167
36.3271
36.3632
36.4148
36.3721
36.5389
36.5115
36.3303
36.3654
36.4127
36.4439
36.4473
36.4633
36.3715
36.522
36.5437
36.4914
36.4723
36.4586
36.4246
36.5205
36.4324
36.4286
36.4702
36.5374
36.4722
36.5045
36.3528
36.3395
36.3506
36.4337
36.5275
36.5239
36.4779
36.472
36.4475
36.4244
36.5077
36.4427
36.5021
36.3592
36.4855
36.4704
36.3451
36.3265
36.3328
36.4755
36.4297
36.4011
36.3905
36.3757
36.4698
36.5324
36.3941
36.5168
36.4724
36.3525
36.4723
36.4894
36.4797
36.3477
36.4741
36.3273
36.5426
36.4335
36.3389
36.4305
36.3942
36.5017
36.3736
36.419
36.3868
36.4574
36.3271
36.5234
36.377
36.5148
36.4901
36.4824
36.4778
36.3826
36.5434
36.4571
36.5194
36.5082
36.3271
36.3478
36.4664
36.4341
36.4056
36.4627
36.3697
36.3363
36.3618
36.5006
36.4769
36.5216
36.4303
36.5405
36.538
36.4674
36.3875
36.391
36.4828
36.3784
36.4483
36.442
36.3686
36.4619
36.3989
36.5359
36.3321
36.3982
36.4814
36.4805
36.5455
36.3901
36.4317
36.4119
36.5306
36.4173
36.3261
36.3653
36.3959
36.3742
36.4921
36.4371
36.3781
36.381
36.4018
36.4742
36.5019
36.3775
36.4568
36.4042
36.5404
36.4586
36.5176
36.4044
36.5007
36.4478
36.3617
36.3728
36.5269
36.4052
36.3528
36.3753
36.3932
36.4145
36.463
36.5142
36.3623
36.3714
36.4632
36.3717
36.3906
36.449
36.5161
36.4542
36.3343
36.5332
36.4087
36.3992
36.3442
36.3908
36.4093
36.4332
36.5003
36.419
36.3675
36.4431
36.4476
36.4614
36.3987
36.3445
36.3779
36.4715
36.5035
36.3526
36.4228
36.5417
36.5237
36.4122
36.515
36.4578
36.3443
36.4581
36.361
36.5438
36.3832
36.4806
36.5013
36.4578
36.5436
36.3874
36.4357
36.4797
36.4436
36.4419
36.4635
36.438
36.4853
36.3824
36.4474
36.536
36.4685
36.4468
36.3482
36.445
36.4218
36.3563
36.3402
36.4114
36.384
36.5187
36.4329
36.4046
36.3891
36.4597
36.5017
36.3511
36.4387
36.5379
36.4614
36.4208
36.4496
36.5453
36.4915
36.4057
36.3238
36.4466
36.4819
36.4493
36.4803
36.5147
36.4139
36.44
36.4719
36.3812
36.4743
36.4356
36.3617
36.5
36.4601
36.4557
36.4662
36.4783
36.4753
36.438
36.4556
36.335
36.5114
36.3855
36.5223
36.4813
36.3614
36.4146
36.4228
36.4601
36.4491
36.4569
36.4767
36.4058
36.4937
36.5002
36.4188
36.4484
36.4385
36.3646
36.3992
36.4822
36.3904
36.5334
36.4068
36.4204
36.4132
36.3767
36.4693
36.4737
36.3864
36.3545
36.4273
36.3257
36.3732
36.4867
36.4837
36.3535
36.326
36.3852
36.527
36.4672
36.4919
36.5404
36.3298
36.4614
36.4488
36.3332
36.4366
36.5425
36.4882
36.3722
36.4196
36.3378
36.4328
36.4511
36.4355
36.3586
36.4569
36.3281
36.5081
36.4118
36.3253
36.519
36.4872
36.4342
36.3865
36.5096
36.4508
36.3993
36.4497
36.4606
36.4913
36.4377
36.4222
36.5398
36.437
36.4209
36.4191
36.417
36.3971
36.4649
36.3915
36.4733
36.5027
36.3389
36.3777
36.3584
36.4292
36.5049
36.5081
36.4397
36.3213
36.412
36.3682
36.3764
36.347
36.5336
36.4663
36.4371
36.4204
36.3528
36.5073
36.3652
36.3447
36.5027
36.3676
36.4676
36.4064
36.3211
36.3796
36.4971
36.336
36.3462
36.3612
36.3893
36.5212
36.4685
36.5309
36.3543
36.3382
36.4046
36.5102
36.5062
36.3393
36.5038
36.4964
36.3927
36.515
36.4049
36.3235
36.3731
36.5086
36.4362
36.3229
36.4919
36.3215
36.3687
36.4924
36.4956
36.4311
36.5397
36.3844
36.5258
36.4179
36.3278
36.401
36.3782
36.3682
36.376
36.4233
36.3686
36.4908
36.5188
36.3347
36.3731
36.3314
36.3479
36.4596
36.3272
36.3714
36.3502
36.412
36.5088
36.4959
36.3272
36.5371
36.3727
36.4489
36.3782
36.4221
36.373
36.4976
36.493
36.4907
36.4596
36.5015
36.331
36.4082
36.4723
36.5203
36.4736
36.3706
36.4011
36.351
36.3515
36.5078
36.4486
36.4077
36.445
36.5283
36.4869
36.3209
36.3824
36.3954
36.3745
36.4256
36.4765
36.5247
36.3454
36.5002
36.3652
36.533
36.4033
36.4447
36.4004
36.3697
36.4918
36.5178
36.4865
36.3799
36.4968
36.3722
36.4799
36.4505
36.506
36.4388
36.4472
36.3233
36.5105
36.4513
36.4855
36.4515
36.3469
36.4626
36.3293
36.5238
36.4136
36.3279
36.4937
36.4745
36.3348
36.4689
36.5249
36.3287
36.4091
36.3393
36.3266
36.3207
36.4102
36.5199
36.3983
36.4209
36.3566
36.5115
36.4868
36.5263
36.3195
36.3917
36.5062
36.53
36.5309
36.4807
36.3209
36.4948
36.4227
36.3589
36.3651
36.3403
36.4701
36.3446
36.4092
36.5162
36.4638
36.5235
36.4091
36.4337
36.422
36.4815
36.4178
36.5215
36.4723
36.3224
36.5058
36.3446
36.4159
36.3426
36.4746
36.4335
36.3864
36.4698
36.3986
36.5383
36.3336
36.508
36.4728
36.4237
36.4325
36.4198
36.406
36.491
36.4039
36.3659
36.3766
36.4621
36.3671
36.5383
36.3335
36.4782
36.4279
36.3801
36.4761
36.4208
36.3461
36.5003
36.4899
36.3802
36.4459
36.4142
36.4007
36.4959
36.3728
36.4105
36.4933
36.4324
36.3518
36.4166
36.5118
36.4166
36.4218
36.51
36.5143
36.4833
36.4829
36.3693
36.4941
36.5377
36.4006
36.4222
36.3566
36.4731
36.503
36.4682
36.3903
36.3406
36.4611
36.4983
36.4249
36.5056
36.3723
36.4666
36.4168
36.3921
36.4585
36.4544
36.4777
36.412
36.4436
36.4829
36.4753
36.4275
36.3858
36.3963
36.4401
36.3355
36.4762
36.5303
36.442
36.3688
36.5005
36.3908
36.474
36.4663
36.5203
36.3675
36.3333
36.4605
36.3217
36.3336
36.4378
36.4921
36.4413
36.3451
36.4547
36.5121
36.5017
36.4422
36.3263
36.3321
36.4515
36.5042
36.3365
36.3596
36.4197
36.4456
36.3348
36.513
36.4618
36.5144
36.4869
36.4129
36.4701
36.4271
36.4288
36.5128
36.4727
36.5193
36.4879
36.3475
36.5364
36.3661
36.4233
36.4782
36.4759
36.4132
36.4391
36.5267
36.5108
36.3161
36.3491
36.4801
36.4149
36.3369
36.4591
36.5038
36.4864
36.4881
36.4689
36.3988
36.5302
36.3265
36.4659
36.4005
36.5087
36.49
36.5065
36.4381
36.5244
36.5144
36.3973
36.4435
36.3194
36.3329
36.4422
36.4741
36.3177
36.5284
36.5117
36.4726
36.3697
36.439
36.3227
36.4308
36.4313
36.3338
36.4922
36.5365
36.4232
36.5215
36.4853
36.4049
36.3713
36.5177
36.497
36.35
36.4684
36.3372
36.3366
36.5162
36.3242
36.5067
36.5219
36.4192
36.3551
36.3828
36.426
36.4613
36.3664
36.4357
36.4538
36.358
36.5317
36.4098
36.3169
36.3621
36.3455
36.4218
36.4597
36.4328
36.4474
36.506
36.3832
36.3673
36.5139
36.4045
36.3931
36.3289
36.5214
36.4162
36.4968
36.3957
36.4163
36.5111
36.4849
36.4908
36.3152
36.523
36.3518
36.3778
36.4703
36.4375
36.4168
36.4216
36.4126
36.4197
36.4437
36.4932
36.4476
36.3305
36.4976
36.33
36.4002
36.4509
36.4458
36.4411
36.3167
36.3642
36.378
36.4562
36.3818
36.3747
36.5188
36.4014
36.4653
36.4246
36.4943
36.4355
36.4163
36.4529
36.5156
36.4946
36.342
36.3262
36.3522
36.3223
36.406
36.4095
36.343
36.4873
36.465
36.5321
36.3993
36.5287
36.53
36.3486
36.5291
36.4538
36.533
36.3334
36.5024
36.4453
36.5149
36.3554
36.4648
36.492
36.4705
36.462
36.5227
36.3152
36.4676
36.4539
36.491
36.3698
36.4064
36.4556
36.5284
36.4931
36.4125
36.3715
36.3902
36.5303
36.484
36.4763
36.4844
36.4748
36.4502
36.4739
36.5221
36.5007
36.398
36.4045
36.3324
36.4364
36.4607
36.5037
36.4939
36.3808
36.3825
36.3493
36.3706
36.3987
36.3155
36.3778
36.4461
36.3726
36.5084
36.3154
36.3444
36.4072
36.3487
36.5134
36.4072
36.4399
36.3283
36.409
36.429
36.4202
36.5233
36.512
36.3836
36.3777
36.3798
36.4631
36.4545
36.4982
36.3738
36.4722
36.355
36.3236
36.4183
36.4031
36.424
36.3307
36.4145
36.3227
36.3475
36.3335
36.3308
36.4075
36.3718
36.5164
36.4084
36.467
36.4641
36.3131
36.3881
36.3792
36.5223
36.5127
36.5024
36.4234
36.3528
36.4455
36.5283
36.4126
36.4613
36.4825
36.3125
36.3792
36.5243
36.4646
36.4233
36.5159
36.5018
36.4879
36.4338
36.3598
36.4701
36.385
36.3952
36.3603
36.4377
36.5002
36.4794
36.321
36.4623
36.4591
36.3477
36.4303
36.3207
36.5284
36.4223
36.4022
36.3601
36.4657
36.5197
36.4632
36.5086
36.3506
36.3351
36.3331
36.532
36.4942
36.4351
36.4425
36.5122
36.4053
36.5334
36.5141
36.4047
36.5156
36.3643
36.4023
36.3936
36.4269
36.4382
36.4137
36.5288
36.4464
36.492
36.3388
36.4474
36.4747
36.3454
36.3727
36.4597
36.4712
36.3986
36.4826
36.316
36.3861
36.411
36.4417
36.4018
36.519
36.3866
36.5253
36.3777
36.5205
36.423
36.4571
36.354
36.3192
36.4016
36.4226
36.3263
36.4142
36.3764
36.3906
36.3234
36.3237
36.5304
36.3152
36.3183
36.4213
36.3285
36.377
36.4315
36.4307
36.4525
36.4695
36.3342
36.4266
36.4345
36.4431
36.4465
36.43
36.4694
36.5256
36.4337
36.53
36.4784
36.4193
36.4201
36.5265
36.498
36.4982
36.4078
36.3223
36.3417
36.3602
36.4106
36.3601
36.4044
36.4791
36.3915
36.4982
36.4491
36.4569
36.3789
36.3257
36.4176
36.4649
36.3228
36.4975
36.3538
36.4222
36.4076
36.3385
36.3857
36.477
36.339
36.3497
36.3781
36.4021
36.3471
36.4759
36.457
36.3769
36.372
36.4481
36.3912
36.3539
36.5028
36.4308
36.3644
36.3848
36.3762
36.3942
36.3368
36.349
36.4179
36.3488
36.4346
36.4486
36.4958
36.4527
36.4965
36.5097
36.4739
36.5284
36.501
36.5242
36.4544
36.4285
36.4784
36.3995
36.4492
36.3888
36.4049
36.5316
36.3256
36.4477
36.4488
36.4796
36.3664
36.4295
36.4205
36.5071
36.5298
36.4738
36.5249
36.4579
36.3734
36.3391
36.4666
36.5237
36.4069
36.4734
36.3714
36.3594
36.3572
36.3645
36.3512
36.4823
36.492
36.5076
36.3787
36.4821
36.3948
36.3791
36.4524
36.3894
36.3184
36.5164
36.3145
36.361
36.4539
36.4744
36.3853
36.4382
36.4606
36.3247
36.4377
36.3351
36.4311
36.3986
36.3751
36.3894
36.3147
36.3097
36.3426
36.4843
36.4524
36.3815
36.4059
36.518
36.3694
36.3781
36.3585
36.4911
36.4893
36.4885
36.36
36.3098
36.4754
36.5181
36.3364
36.4389
36.4495
36.3714
36.4435
36.4076
36.4566
36.4174
36.4919
36.4254
36.3974
36.5214
36.4519
36.4517
36.3413
36.4173
36.4432
36.352
36.3393
36.4011
36.5126
36.3659
36.4803
36.3925
36.3799
36.5276
36.4758
36.5274
36.4198
36.3412
36.5168
36.3722
36.4658
36.4618
36.5267
36.4625
36.5169
36.4386
36.3985
36.423
36.3925
36.3824
36.4883
36.4878
36.4274
36.3373
36.4924
36.4621
36.5228
36.3598
36.372
36.4525
36.33
36.4816
36.4402
36.5191
36.3253
36.5015
36.3208
36.384
36.3808
36.5088
36.396
36.4626
36.4924
36.4813
36.3577
36.3764
36.4719
36.3173
36.3619
36.3166
36.3985
36.509
36.3727
36.4286
36.511
36.3862
36.4724
36.4665
36.3609
36.4401
36.5268
36.4121
36.5102
36.4435
36.4529
36.4057
36.4473
36.5033
36.4386
36.4659
36.5285
36.4925
36.3222
36.3086
36.3189
36.3429
36.3454
36.3819
36.3255
36.5159
36.5026
36.5248
36.5068
36.4706
36.4612
36.4307
36.4895
36.5029
36.4632
36.4313
36.4752
36.4387
36.512
36.3764
36.4644
36.3792
36.4594
36.3619
36.4481
36.5136
36.3118
36.3618
36.4431
36.3989
36.4234
36.3939
36.456
36.4005
36.3384
36.3364
36.5262
36.4794
36.3314
36.4198
36.4016
36.4344
36.3542
36.3638
36.4427
36.4127
36.4499
36.3675
36.3404
36.3974
36.4989
36.4568
36.5008
36.4908
36.319
36.4606
36.3488
36.4436
36.429
36.5185
36.3194
36.3501
36.4113
36.3837
36.4103
36.3638
36.3456
36.3567
36.4177
36.4727
36.3968
36.3851
36.4841
36.3508
36.4517
36.4509
36.4189
36.4669
36.3867
36.3534
36.5054
36.4377
36.4127
36.4581
36.3154
36.4472
36.3156
36.3263
36.3261
36.3303
36.3841
36.471
36.4821
36.4526
36.3164
36.4922
36.3287
36.4284
36.3121
36.3083
36.5244
36.4373
36.4125
36.3518
36.4984
36.4426
36.437
36.4355
36.4972
36.3678
36.4205
36.4391
36.4282
36.4829
36.3071
36.4765
36.4723
36.4773
36.3753
36.4197
36.3381
36.4396
36.4993
36.469
36.3181
36.4712
36.5
36.4309
36.3705
36.3912
36.3147
36.3115
36.5183
36.5247
36.424
36.4042
36.4605
36.3888
36.4121
36.5022
36.3363
36.492
36.4918
36.5135
36.3541
36.4682
36.3962
36.4966
36.524
36.454
36.4775
36.4965
36.3881
36.3742
36.4897
36.4022
36.4387
36.4492
36.504
36.4679
36.4922
36.3954
36.4053
36.431
36.5066
36.3671
36.4495
36.4329
36.4153
36.4784
36.3573
36.4436
36.4355
36.3654
36.3652
36.4887
36.4974
36.5086
36.4207
36.4401
36.5089
36.4615
36.438
36.4297
36.4664
36.3696
36.5142
36.4566
36.4003
36.3998
36.3855
36.4156
36.3144
36.4402
36.379
36.4072
36.441
36.3626
36.5091
36.4955
36.4886
36.3795
36.4064
36.4116
36.4237
36.402
36.524
36.4171
36.35
36.3834
36.4221
36.3943
36.4535
36.305
36.3735
36.4888
36.3883
36.4999
36.5179
36.3467
36.4081
36.3314
36.3471
36.4359
36.3978
36.4144
36.4721
36.3745
36.387
36.3817
36.5227
36.438
36.3677
36.3212
36.3329
36.4273
36.3929
36.4597
36.3922
36.3993
36.4667
36.472
36.4994
36.3525
36.3893
36.3376
36.4973
36.3527
36.4465
36.3247
36.3862
36.4132
36.3786
36.336
36.3647
36.3784
36.5007
36.3524
36.3785
36.5114
36.3102
36.365
36.3055
36.3097
36.4281
36.3825
36.5027
36.5142
36.47
36.4717
36.3579
36.4437
36.445
36.4947
36.4803
36.3315
36.3193
36.3361
36.5241
36.4406
36.3449
36.4269
36.436
36.5248
36.4094
36.3176
36.3488
36.3464
36.4877
36.3805
36.4456
36.5
36.4432
36.4207
36.4594
36.4445
36.3565
36.3524
36.366
36.4422
36.3492
36.4983
36.3181
36.3444
36.3422
36.4823
36.5045
36.5165
36.4782
36.4947
36.3664
36.4439
36.3403
36.47
36.4693
36.4264
36.4828
36.4658
36.4667
36.4932
36.5199
36.3926
36.4085
36.5152
36.338
36.4066
36.4984
36.522
36.491
36.3869
36.511
36.378
36.5235
36.4681
36.3667
36.3434
36.4067
36.4192
36.5006
36.4315
36.4474
36.4228
36.4685
36.4387
36.3512
36.4751
36.3585
36.3254
36.4268
36.3465
36.3563
36.3667
36.4038
36.4747
36.31
36.4083
36.3699
36.433
36.5188
36.4145
36.4717
36.3438
36.3727
36.3741
36.5097
36.3124
36.3956
36.4548
36.365
36.4732
36.3593
36.4722
36.3915
36.3145
36.3559
36.4334
36.3102
36.4873
36.396
36.4925
36.4966
36.4166
36.3173
36.4992
36.4685
36.4838
36.5228
36.329
36.469
36.3255
36.4318
36.4873
36.3028
36.42
36.4855
36.3086
36.4922
36.4204
36.3937
36.4806
36.3833
36.4484
36.4825
36.4957
36.4933
36.4587
36.4218
36.3085
36.3861
36.401
36.4632
36.4312
36.3138
36.3603
36.3122
36.4006
36.4572
36.4785
36.3689
36.4295
36.3393
36.3688
36.3517
36.4728
36.4823
36.5104
36.5182
36.3624
36.4019
36.5011
36.4169
36.3929
36.3028
36.5165
36.3158
36.4099
36.4655
36.4624
36.3899
36.3275
36.469
36.4076
36.5116
36.3791
36.3626
36.4897
36.5027
36.4421
36.4001
36.5035
36.3187
36.4444
36.4353
36.4941
36.4089
36.4546
36.5045
36.3168
36.498
36.4787
36.4724
36.4742
36.4213
36.5202
36.4048
36.4517
36.3265
36.5168
36.4171
36.3861
36.4552
36.4632
36.4474
36.3034
36.5201
36.4761
36.3705
36.412
36.3308
36.4479
36.3671
36.3675
36.4406
36.3447
36.5086
36.3061
36.3239
36.4531
36.3962
36.3537
36.3807
36.3502
36.3848
36.4696
36.4995
36.437
36.4725
36.4497
36.3311
36.3726
36.4725
36.4477
36.3256
36.4322
36.362
36.3711
36.416
36.3217
36.3615
36.4791
36.4374
36.5006
36.4176
36.4471
36.4644
36.349
36.3994
36.4935
36.4209
36.5022
36.3072
36.3161
36.495
36.5185
36.4897
36.3869
36.3268
36.4787
36.5088
36.4152
36.3891
36.3114
36.4598
36.353
36.3538
36.5125
36.3188
36.3714
36.3025
36.4605
36.3093
36.4162
36.4614
36.4152
36.3351
36.3388
36.3923
36.4567
36.3802
36.3465
36.4499
36.352
36.5168
36.3153
36.4017
36.3542
36.4889
36.3923
36.4639
36.4395
36.3217
36.3332
36.4249
36.5157
36.3339
36.3418
36.3942
36.4474
36.3667
36.3894
36.424
36.4004
36.3162
36.368
36.5189
36.3138
36.4044
36.4797
36.4189
36.4522
36.3951
36.3617
36.2993
36.4047
36.495
36.5174
36.4372
36.3147
36.5058
36.466
36.3986
36.408
36.3124
36.3485
36.4462
36.4849
36.4528
36.3166
36.3455
36.4239
36.3969
36.3477
36.321
36.441
36.3084
36.3748
36.3907
36.4635
36.3751
36.4267
36.3901
36.3596
36.341
36.4023
36.5127
36.4023
36.3821
36.3187
36.4341
36.3245
36.5078
36.5083
36.4308
36.3795
36.4573
36.415
36.3897
36.4174
36.4492
36.5096
36.4477
36.3493
36.3613
36.4169
36.3361
36.4979
36.5146
36.3941
36.3017
36.5138
36.336
36.4177
36.4911
36.4602
36.5116
36.3409
36.4915
36.4743
36.3661
36.4166
36.4861
36.4766
36.3672
36.4153
36.5108
36.3709
36.3979
36.4762
36.3032
36.3022
36.3415
36.3342
36.31
36.5106
36.481
36.3493
36.4045
36.306
36.483
36.3671
36.4642
36.3393
36.3948
36.4647
36.3525
36.452
36.3625
36.4912
36.3172
36.3362
36.3717
36.5084
36.5007
36.5064
36.3067
36.3984
36.5032
36.5157
36.4808
36.3146
36.3609
36.491
36.4885
36.3239
36.3703
36.4395
36.4645
36.4136
36.3456
36.3688
36.5119
36.3825
36.3596
36.335
36.4207
36.4385
36.3585
36.2989
36.4028
36.425
36.4808
36.4809
36.5101
36.3555
36.4398
36.5166
36.4356
36.4124
36.4516
36.3152
36.3934
36.4608
36.3972
36.4723
36.3954
36.4155
36.4763
36.4429
36.3823
36.4782
36.3951
36.3311
36.4755
36.431
36.4243
36.3822
36.3973
36.4104
36.3362
36.4303
36.4346
36.5055
36.4539
36.4066
36.3672
36.3722
36.4075
36.4694
36.4534
36.5061
36.4154
36.3487
36.4219
36.4504
36.3423
36.3029
36.4494
36.3489
36.4717
36.3993
36.4031
36.3842
36.4132
36.3642
36.4301
36.3865
36.3453
36.4217
36.4576
36.3908
36.5033
36.3365
36.4202
36.3447
36.4599
36.3432
36.4158
36.3646
36.5057
36.3067
36.3958
36.4128
36.3924
36.4195
36.4182
36.5072
36.3925
36.4876
36.3299
36.3327
36.453
36.3307
36.4696
36.296
36.3468
36.313
36.3508
36.2967
36.3428
36.3335
36.4944
36.4882
36.4313
36.3412
36.3738
36.3594
36.4192
36.3504
36.4231
36.3084
36.3585
36.4671
36.5074
36.4017
36.4314
36.4713
36.4675
36.4557
36.3036
36.4152
36.4308
36.4154
36.3347
36.498
36.3918
36.4349
36.488
36.3475
36.4562
36.4599
36.4326
36.3778
36.331
36.5029
36.477
36.4486
36.5093
36.4152
36.3128
36.3794
36.3173
36.3818
36.4049
36.4111
36.4916
36.308
36.5143
36.4617
36.3639
36.512
36.5021
36.463
36.4148
36.4247
36.3028
36.3753
36.4695
36.326
36.4797
36.4498
36.4158
36.3416
36.3675
36.3207
36.5134
36.3558
36.4783
36.5076
36.4325
36.4541
36.3672
36.3478
36.3401
36.4152
36.5081
36.4724
36.3524
36.3756
36.4102
36.4294
36.297
36.3483
36.2956
36.4703
36.4973
36.4502
36.387
36.346
36.3231
36.3995
36.3778
36.2958
36.3635
36.3202
36.4958
36.4282
36.4485
36.4435
36.4317
36.4949
36.3666
36.4074
36.3158
36.4887
36.3826
36.3945
36.4618
36.3136
36.3586
36.4603
36.5058
36.4712
36.4324
36.3423
36.3171
36.5145
36.4184
36.3513
36.3367
36.4395
36.4169
36.3858
36.4344
36.432
36.3481
36.4622
36.3395
36.4542
36.4959
36.4055
36.4637
36.3887
36.4048
36.3142
36.4922
36.4865
36.2974
36.4912
36.4168
36.355
36.3688
36.4348
36.4447
36.3933
36.3261
36.501
36.3564
36.4203
36.4657
36.4105
36.4133
36.4202
36.4863
36.4569
36.2961
36.3225
36.3139
36.2976
36.3921
36.3004
36.3525
36.3153
36.4891
36.4592
36.4557
36.4427
36.4731
36.3397
36.484
36.3429
36.2992
36.3912
36.4421
36.4469
36.3703
36.458
36.3301
36.3087
36.4493
36.4431
36.4205
36.437
36.4782
36.3717
36.4669
36.48
36.4172
36.3226
36.4177
36.4317
36.3974
36.4293
36.4872
36.4482
36.3232
36.5038
36.4152
36.4804
36.5153
36.4884
36.4385
36.3951
36.4887
36.3801
36.401
36.4298
36.3985
36.3675
36.2935
36.2978
36.3155
36.4052
36.3625
36.4108
36.3329
36.504
36.3277
36.3419
36.3072
36.3062
36.4841
36.3309
36.5067
36.3909
36.3019
36.3465
36.4984
36.3293
36.4559
36.4565
36.4891
36.4488
36.3282
36.3693
36.4862
36.3698
36.3375
36.4591
36.3303
36.2973
36.4907
36.4417
36.4393
36.3479
36.4878
36.3174
36.3895
36.3004
36.3886
36.5012
36.3791
36.4283
36.3105
36.4136
36.2945
36.3426
36.476
36.3096
36.3563
36.4017
36.342
36.4449
36.3147
36.3179
36.4554
36.3382
36.4061
36.4877
36.4432
36.4867
36.4933
36.3778
36.4063
36.3529
36.4206
36.3952
36.3129
36.512
36.2949
36.5131
36.4569
36.3402
36.4794
36.3443
36.3713
36.363
36.3294
36.4346
36.4058
36.3412
36.4918
36.3762
36.2958
36.4444
36.4782
36.341
36.4499
36.388
36.4832
36.383
36.3925
36.5035
36.4263
36.3318
36.3601
36.3457
36.4794
36.4264
36.4066
36.4756
36.3765
36.44
36.2976
36.3196
36.3641
36.3717
36.3732
36.4068
36.425
36.3973
36.3467
36.3522
36.4143
36.4231
36.3376
36.4705
36.3553
36.5119
36.4435
36.4234
36.4421
36.3466
36.4143
36.3745
36.4829
36.2969
36.4575
36.3234
36.3265
36.5093
36.3698
36.3394
36.4311
36.4586
36.3963
36.3445
36.3247
36.3346
36.3103
36.4286
36.3703
36.3904
36.4885
36.4428
36.4919
36.456
36.4097
36.4967
36.3652
36.3418
36.5064
36.3578
36.4707
36.4862
36.394
36.4611
36.4636
36.3388
36.4923
36.3793
36.469
36.4315
36.2967
36.4997
36.4346
36.3064
36.443
36.4472
36.3929
36.4848
36.3027
36.4113
36.3182
36.3526
36.4637
36.4196
36.3128
36.3359
36.4047
36.4997
36.3231
36.3399
36.4342
36.4156
36.321
36.3738
36.422
36.4214
36.4266
36.3369
36.4909
36.4178
36.3232
36.4442
36.3144
36.3557
36.4931
36.5008
36.4444
36.3558
36.474
36.4986
36.455
36.4168
36.3411
36.432
36.4437
36.4432
36.3038
36.3032
36.5043
36.5114
36.4434
36.4651
36.3856
36.3193
36.3013
36.3189
36.399
36.4581
36.3664
36.4581
36.3492
36.4969
36.4348
36.3445
36.4406
36.4292
36.4695
36.4681
36.3921
36.4058
36.4745
36.4852
36.3931
36.4545
36.434
36.2904
36.3074
36.4447
36.4951
36.4459
36.3868
36.294
36.4975
36.4575
36.4594
36.468
36.4578
36.3536
36.4057
36.3738
36.434
36.4773
36.4688
36.4075
36.4082
36.3122
36.5121
36.3023
36.3147
36.4949
36.3715
36.5063
36.4358
36.4155
36.3477
36.3994
36.3172
36.4584
36.4476
36.317
36.4207
36.4229
36.4319
36.4741
36.3553
36.4982
36.3426
36.4165
36.4814
36.3497
36.3151
36.3526
36.3468
36.4021
36.4941
36.4268
36.46
36.4557
36.4371
36.4791
36.4091
36.4355
36.4893
36.4215
36.312
36.4646
36.4121
36.3624
36.4454
36.3538
36.4595
36.3712
36.4219
36.4284
36.3051
36.419
36.3731
36.501
36.4696
36.4348
36.4695
36.3644
36.3333
36.4049
36.4006
36.4567
36.5097
36.3435
36.2956
36.4286
36.2999
36.3268
36.2931
36.4643
36.3555
36.4796
36.3713
36.406
36.4237
36.4633
36.3375
36.3991
36.4148
36.3791
36.3885
36.3944
36.5061
36.4107
36.4546
36.3393
36.3138
36.4951
36.3683
36.3431
36.4195
36.454
36.3759
36.4876
36.4573
36.4957
36.2974
36.4549
36.4788
36.4166
36.3883
36.4448
36.4322
36.38
36.4605
36.4942
36.5011
36.3035
36.3725
36.3618
36.4001
36.4122
36.391
36.4913
36.4803
36.3138
36.4234
36.4697
36.4657
36.4184
36.3839
36.3008
36.4973
36.3899
36.315
36.3027
36.4424
36.449
36.4153
36.2936
36.4298
36.4971
36.4899
36.3226
36.4427
36.4719
36.4957
36.3957
36.4781
36.4007
36.4449
36.3407
36.3298
36.4819
36.297
36.3276
36.4565
36.3261
36.3874
36.4973
36.4676
36.4925
36.4393
36.3023
36.51
36.5023
36.3504
36.4156
36.4056
36.4079
36.4991
36.4574
36.4115
36.4364
36.4205
36.3204
36.3725
36.4405
36.3229
36.4275
36.4642
36.3975
36.4885
36.4007
36.3165
36.4933
36.3962
36.2931
36.4383
36.4141
36.4116
36.5038
36.3802
36.3109
36.3075
36.361
36.3182
36.3509
36.4951
36.4625
36.3719
36.4366
36.4161
36.3332
36.3961
36.3467
36.3633
36.3788
36.3003
36.3528
36.4589
36.3586
36.474
36.3448
36.3482
36.4387
36.4664
36.4219
36.2927
36.3814
36.4048
36.4246
36.3134
36.4689
36.318
36.4695
36.3427
36.4935
36.4329
36.32
36.4618
36.3772
36.3778
36.4505
36.4335
36.4667
36.3618
36.3053
36.3294
36.4522
36.3281
36.4685
36.3614
36.4433
36.449
36.2975
36.4982
36.468
36.3127
36.381
36.4527
36.4304
36.3451
36.3946
36.3323
36.2897
36.417
36.3414
36.4529
36.3671
36.3942
36.4455
36.3949
36.4972
36.4858
36.5085
36.3202
36.351
36.352
36.3411
36.5037
36.3066
36.3903
36.4923
36.3451
36.3821
36.3837
36.385
36.4049
36.3844
36.4331
36.4646
36.4194
36.4989
36.5078
36.4141
36.3565
36.3778
36.4586
36.3018
36.4404
36.3305
36.4357
36.4248
36.4142
36.4327
36.396
36.3858
36.4169
36.4533
36.3779
36.3645
36.4876
36.3209
36.5018
36.4412
36.4433
36.4415
36.4602
36.3537
36.4315
36.3194
36.3749
36.4785
36.3833
36.5037
36.4026
36.3272
36.2902
36.4791
36.4544
36.4991
36.3703
36.4661
36.3201
36.3035
36.4795
36.5084
36.4267
36.378
36.4082
36.4885
36.3022
36.5044
36.4036
36.421
36.4101
36.5035
36.4617
36.4128
36.4389
36.303
36.5038
36.2982
36.3534
36.4823
36.3373
36.4468
36.4556
36.4739
36.427
36.3197
36.4495
36.3697
36.3777
36.4259
36.4203
36.3302
36.4854
36.3507
36.3391
36.5081
36.306
36.3316
36.3766
36.4428
36.3699
36.4144
36.4496
36.4585
36.3894
36.4757
36.4441
36.4764
36.3102
36.3916
36.2913
36.399
36.4168
36.4647
36.3591
36.3391
36.3545
36.3536
36.3058
36.4857
36.4354
36.3154
36.3131
36.3461
36.5073
36.3517
36.2969
36.4439
36.3925
36.4291
36.298
36.4589
36.4719
36.4881
36.4127
36.4076
36.446
36.4121
36.324
36.5072
36.451
36.451
36.3132
36.4979
36.3672
36.3692
36.4574
36.3545
36.4731
36.34
36.4989
36.4189
36.4121
36.4163
36.444
36.2903
36.4114
36.3311
36.4705
36.2907
36.4534
36.3797
36.3441
36.4247
36.3269
36.4133
36.4139
36.4077
36.4293
36.4899
36.3663
36.4999
36.2929
36.43
36.4907
36.4468
36.5036
36.3497
36.2936
36.3474
36.4047
36.2853
36.3163
36.4928
36.3033
36.4238
36.4272
36.2932
36.3305
36.3187
36.419
36.411
36.4917
36.297
36.3658
36.494
36.3099
36.3799
36.4254
36.4527
36.3228
36.2973
36.41
36.3023
36.3884
36.2993
36.4131
36.4571
36.4593
36.3734
36.3573
36.3892
36.3923
36.4083
36.5032
36.3971
36.3307
36.4445
36.4918
36.3207
36.3954
36.3076
36.4594
36.4739
36.2844
36.3357
36.4228
36.4175
36.4021
36.4837
36.3905
36.4483
36.3045
36.4081
36.3334
36.3126
36.4545
36.4408
36.4605
36.4847
36.3077
36.3004
36.4473
36.4121
36.4078
36.3536
36.4762
36.3622
36.4451
36.3012
36.3421
36.4988
36.3103
36.4075
36.4945
36.3627
36.3
36.3182
36.2987
36.4123
36.3494
36.3876
36.3616
36.4382
36.4828
36.4509
36.4726
36.4287
36.4324
36.3961
36.4037
36.4248
36.4276
36.3587
36.2952
36.3567
36.3586
36.3804
36.4969
36.3254
36.4273
36.3855
36.4421
36.4262
36.3808
36.3263
36.4939
36.4242
36.3501
36.4914
36.4454
36.368
36.4671
36.4573
36.3102
36.4236
36.3634
36.3081
36.308
36.4268
36.4819
36.4911
36.3559
36.3913
36.4669
36.4795
36.3804
36.2857
36.3121
36.3425
36.3836
36.4546
36.3851
36.3631
36.4466
36.2859
36.3862
36.3076
36.2907
36.4757
36.3388
36.4685
36.3655
36.4987
36.3689
36.2992
36.3274
36.3562
36.4695
36.4902
36.456
36.5039
36.4744
36.2978
36.4062
36.3551
36.3902
36.449
36.4198
36.4433
36.4843
36.4213
36.3616
36.4668
36.3276
36.2984
36.3067
36.4134
36.3934
36.4145
36.4777
36.4017
36.5031
36.4696
36.3967
36.4455
36.4013
36.4291
36.2871
36.4766
36.3017
36.3642
36.4897
36.2913
36.2926
36.4783
