0.943689
0.832973
0.729503
0.858777
0.986748
0.883119
0.774408
0.88227
0.979412
0.85086
0.726868
0.823807
0.924709
0.829576
0.75173
0.875968
0.988447
0.905708
0.816503
0.878088
0.917363
0.809831
0.730284
0.799367
0.876704
0.868811
0.87527
0.93216
0.942639
0.890628
0.843743
0.801306
0.762459
0.794673
0.870662
0.873475
0.84783
0.920833
0.982593
0.864536
0.73389
0.817342
0.932175
0.837996
0.746289
0.894306
1.01994
0.864211
0.70844
0.824543
0.946321
0.832538
0.749701
0.904362
1.01948
0.893586
0.771108
0.829257
0.875721
0.794047
0.761434
0.863613
0.943491
0.918206
0.88412
0.886377
0.864763
0.811497
0.786288
0.807544
0.842706
0.868669
0.888362
0.908193
0.912156
0.87792
0.83381
0.832777
0.848884
0.819729
0.793053
0.849426
0.911445
0.869868
0.821023
0.890212
0.955397
0.87425
0.789183
0.853696
0.910835
0.808119
0.725876
0.828706
0.933629
0.873984
0.823074
0.925651
0.992236
0.873932
0.760537
0.812647
0.868763
0.793713
0.754404
0.87727
0.97959
0.911102
0.830606
0.879709
0.911253
0.807344
0.73846
0.836372
0.931763
0.87995
0.825644
0.891484
0.929317
0.829142
0.754957
0.832617
0.911485
0.864224
0.822697
0.894485
0.93904
0.849888
0.776957
0.841674
0.904974
0.846253
0.797945
0.870248
0.922673
0.846413
0.789152
0.864812
0.9299
0.870888
0.817819
0.867801
0.895111
0.820078
0.775075
0.84382
0.908858
0.887182
0.86511
0.896305
0.895777
0.823245
0.773314
0.806156
0.855156
0.866996
0.884613
0.929224
0.936672
0.876528
0.813757
0.796145
0.795065
0.79568
0.827612
0.884243
0.92184
0.931907
0.922323
0.879257
0.823087
0.807136
0.815814
0.797988
0.797496
0.87238
0.938647
0.905117
0.858079
0.888792
0.901598
0.819254
0.764589
0.824659
0.88175
0.856144
0.846361
0.899309
0.917713
0.869977
0.835142
0.831885
0.822779
0.826223
0.853929
0.860398
0.857167
0.898932
0.930369
0.872131
0.809828
0.84369
0.87454
0.805787
0.764203
0.852182
0.928171
0.883871
0.851701
0.917686
0.943095
0.852733
0.781269
0.802183
0.818723
0.796019
0.816292
0.886414
0.932408
0.943593
0.938121
0.890357
0.819326
0.794877
0.797524
0.766839
0.767979
0.872957
0.966186
0.931416
0.879138
0.918761
0.925105
0.805061
0.723777
0.798369
0.871846
0.831362
0.818719
0.916317
0.969019
0.893689
0.831496
0.860203
0.868379
0.806302
0.779178
0.831253
0.874684
0.866893
0.868975
0.906971
0.920208
0.875221
0.828825
0.831023
0.838299
0.804213
0.792135
0.864761
0.930404
0.889717
0.841725
0.89733
0.931412
0.825132
0.748557
0.848344
0.929002
0.827798
0.756891
0.878414
0.960712
0.845124
0.776004
0.904424
0.979895
0.855202
0.766759
0.848359
0.891328
0.795538
0.760436
0.871326
0.944749
0.893622
0.856589
0.895849
0.898248
0.824691
0.785371
0.8272
0.862501
0.844876
0.840522
0.883112
0.90553
0.871085
0.845309
0.869758
0.882037
0.840614
0.81218
0.843724
0.868403
0.838945
0.825902
0.875337
0.907313
0.868997
0.840629
0.875561
0.89365
0.845379
0.814168
0.84879
0.867407
0.826205
0.80841
0.858304
0.897676
0.881572
0.873674
0.90389
0.904239
0.844904
0.798046
0.809917
0.828465
0.816698
0.82808
0.894036
0.938368
0.903057
0.861334
0.880768
0.883924
0.805698
0.756976
0.828815
0.893452
0.841155
0.813775
0.922591
0.98587
0.867155
0.771764
0.856872
0.907088
0.772817
0.710438
0.885908
1.01118
0.888998
0.800707
0.93133
0.978093
0.765065
0.640906
0.819776
0.958629
0.83556
0.782682
0.99095
1.08285
0.846855
0.680142
0.827178
0.919383
0.741831
0.680654
0.934605
1.08161
0.89244
0.762589
0.907308
0.958402
0.748628
0.661511
0.861551
0.986914
0.874899
0.821519
0.93514
0.951639
0.802612
0.731114
0.807649
0.861578
0.851436
0.879846
0.936606
0.936793
0.889647
0.842267
0.79755
0.770666
0.789096
0.831736
0.869637
0.908824
0.938215
0.929807
0.895885
0.855752
0.80252
0.766452
0.794137
0.84202
0.847211
0.862474
0.935108
0.964623
0.884861
0.815882
0.83917
0.846663
0.783905
0.775789
0.868299
0.927242
0.89515
0.87312
0.895019
0.879545
0.819637
0.795866
0.821292
0.845613
0.861635
0.884249
0.895518
0.886831
0.877291
0.86296
0.830961
0.811879
0.832448
0.854971
0.846541
0.847338
0.885961
0.905497
0.867454
0.839138
0.870079
0.885668
0.83209
0.802426
0.861361
0.895873
0.828648
0.792731
0.876141
0.925628
0.846117
0.809759
0.911171
0.954593
0.840103
0.77296
0.852764
0.883614
0.790675
0.770778
0.882729
0.94078
0.891642
0.872177
0.898937
0.876015
0.824822
0.81036
0.802899
0.802437
0.862944
0.918881
0.879514
0.84631
0.914565
0.936618
0.816891
0.750359
0.845841
0.896915
0.807181
0.787062
0.908837
0.959857
0.877885
0.840235
0.878847
0.864281
0.809762
0.805495
0.816927
0.823684
0.888394
0.945194
0.881762
0.823051
0.903639
0.934325
0.775332
0.698629
0.871837
0.973648
0.822551
0.76231
0.954357
1.02033
0.80678
0.706292
0.871923
0.938412
0.783563
0.747172
0.919473
0.984736
0.862668
0.813042
0.891237
0.894732
0.801243
0.775766
0.833825
0.86386
0.861429
0.88299
0.905932
0.898274
0.885007
0.866145
0.81763
0.786013
0.822526
0.861563
0.838122
0.836824
0.921633
0.958916
0.857928
0.791467
0.879163
0.917643
0.778953
0.721539
0.893413
0.981687
0.814441
0.744852
0.949604
1.028
0.796801
0.693779
0.907791
0.988193
0.762128
0.691852
0.934392
1.0264
0.816732
0.73714
0.915832
0.961278
0.779237
0.732571
0.902504
0.968244
0.851764
0.810565
0.897939
0.900077
0.786733
0.7554
0.848517
0.904564
0.874812
0.877274
0.934911
0.92759
0.831383
0.774109
0.807074
0.831575
0.807956
0.829662
0.918621
0.954623
0.892721
0.847019
0.871006
0.864775
0.793596
0.777613
0.858402
0.903007
0.853469
0.835183
0.899391
0.912777
0.828884
0.797547
0.874259
0.906986
0.837961
0.815676
0.888792
0.904245
0.818214
0.788876
0.865541
0.900936
0.848872
0.841497
0.908825
0.915633
0.831025
0.788808
0.833517
0.856258
0.824575
0.840677
0.92276
0.949423
0.88096
0.829192
0.843181
0.831882
0.771677
0.776325
0.87478
0.93615
0.904538
0.886047
0.918917
0.894808
0.793536
0.752039
0.815707
0.861768
0.842527
0.861224
0.938577
0.94892
0.860454
0.804008
0.831992
0.838712
0.791302
0.805282
0.90656
0.953522
0.891736
0.849541
0.880463
0.862932
0.766571
0.747752
0.855558
0.923586
0.881109
0.873503
0.9467
0.934987
0.798517
0.735568
0.819052
0.867701
0.813537
0.830697
0.959853
0.988879
0.856297
0.782297
0.850173
0.862716
0.761907
0.763812
0.9196
0.982575
0.872442
0.82232
0.90943
0.908169
0.764256
0.730176
0.872056
0.932378
0.832606
0.813988
0.93884
0.959695
0.819393
0.773006
0.885596
0.912461
0.793536
0.767692
0.889805
0.924364
0.81754
0.798077
0.916943
0.949073
0.840852
0.80785
0.900832
0.909543
0.788291
0.753249
0.860162
0.900681
0.819636
0.820161
0.945328
0.974278
0.85108
0.795148
0.869875
0.872364
0.762125
0.756716
0.895657
0.95247
0.869724
0.843629
0.913145
0.897515
0.783366
0.760915
0.856142
0.903136
0.870269
0.876187
0.920433
0.89518
0.812208
0.776332
0.800037
0.827109
0.856047
0.904986
0.941938
0.936875
0.901765
0.847092
0.78194
0.748044
0.772958
0.824306
0.871441
0.925909
0.974638
0.964307
0.892029
0.819976
0.781008
0.759774
0.762502
0.812543
0.887589
0.937891
0.947802
0.928572
0.886229
0.834052
0.798152
0.789254
0.801114
0.832319
0.874674
0.900312
0.896286
0.884633
0.880004
0.866342
0.840652
0.830991
0.843659
0.845741
0.828303
0.828618
0.859428
0.881291
0.878072
0.885467
0.90827
0.895536
0.839351
0.803334
0.812414
0.818832
0.81165
0.841383
0.904971
0.93119
0.904637
0.881907
0.876264
0.847658
0.803179
0.792811
0.817671
0.838981
0.85312
0.879047
0.905599
0.911682
0.900938
0.879741
0.84556
0.813832
0.805882
0.811439
0.816782
0.844388
0.899154
0.924135
0.891056
0.863445
0.876889
0.862914
0.800639
0.794678
0.873776
0.903694
0.838733
0.820943
0.891563
0.895674
0.805894
0.802123
0.911076
0.938004
0.847184
0.819157
0.878536
0.86381
0.77868
0.787293
0.886166
0.927287
0.898729
0.890202
0.888546
0.839952
0.785642
0.778659
0.803697
0.849437
0.915699
0.952387
0.92568
0.88346
0.856927
0.813517
0.766083
0.777905
0.838635
0.883331
0.903225
0.913085
0.894473
0.859918
0.851127
0.845978
0.815175
0.82008
0.88539
0.902176
0.83201
0.809331
0.877661
0.889199
0.812468
0.817955
0.928756
0.946802
0.837603
0.803101
0.880136
0.872045
0.760175
0.762224
0.901851
0.948197
0.859896
0.852185
0.949878
0.92787
0.771966
0.732861
0.847572
0.880421
0.800078
0.829039
0.971107
0.98192
0.845038
0.796283
0.863574
0.849079
0.754351
0.775182
0.903357
0.944572
0.885168
0.87555
0.915501
0.880327
0.788943
0.769397
0.824041
0.852549
0.846359
0.876454
0.932766
0.930755
0.864999
0.8254
0.840663
0.832824
0.784285
0.800671
0.902012
0.936978
0.856504
0.833122
0.92025
0.912499
0.767571
0.753175
0.922173
0.953253
0.778919
0.756403
0.9492
0.961073
0.741781
0.736565
0.992732
1.02243
0.767825
0.729012
0.956856
0.949077
0.683375
0.686023
0.977207
1.02503
0.795636
0.782285
0.995888
0.969497
0.718035
0.699925
0.911511
0.939263
0.784457
0.798764
0.958371
0.948904
0.799312
0.78761
0.896353
0.900779
0.817398
0.821898
0.890936
0.881253
0.816266
0.817255
0.873197
0.889431
0.866788
0.870394
0.890967
0.867903
0.812256
0.797423
0.835688
0.863223
0.861508
0.88525
0.932378
0.916153
0.830017
0.788295
0.82474
0.834054
0.797149
0.835316
0.947476
0.965031
0.86576
0.826801
0.878736
0.852932
0.747749
0.762796
0.900147
0.937456
0.852228
0.851299
0.942555
0.916159
0.779143
0.763023
0.876518
0.894042
0.803461
0.819783
0.940287
0.935729
0.805002
0.788103
0.899115
0.902825
0.789909
0.802384
0.941354
0.942738
0.797283
0.779462
0.904433
0.89983
0.764594
0.782081
0.944294
0.956908
0.821833
0.814697
0.922875
0.897985
0.774885
0.780449
0.876622
0.883808
0.842648
0.861626
0.883763
0.869238
0.881309
0.883637
0.816491
0.80375
0.903387
0.908311
0.767369
0.764927
0.943593
0.955795
0.770296
0.777476
0.986996
0.974758
0.746608
0.740952
0.945075
0.937021
0.745094
0.763717
0.949691
0.940421
0.781501
0.791386
0.927503
0.924168
0.821868
0.833122
0.914113
0.890645
0.80165
0.791976
0.841829
0.849356
0.833608
0.865718
0.916235
0.916908
0.881905
0.859668
0.846132
0.82535
0.816933
0.828635
0.840182
0.854431
0.880254
0.884709
0.856039
0.852036
0.888636
0.889697
0.841441
0.837296
0.883676
0.868178
0.792715
0.792183
0.869377
0.885391
0.839056
0.862328
0.937871
0.92279
0.833033
0.811508
0.854048
0.842857
0.795235
0.821743
0.89791
0.908724
0.86202
0.855124
0.88331
0.86446
0.813337
0.820641
0.878324
0.888093
0.844597
0.844289
0.890894
0.877034
0.804556
0.808783
0.895078
0.903794
0.822367
0.82876
0.927859
0.910161
0.777137
0.777252
0.91406
0.914332
0.77883
0.802323
0.969719
0.954895
0.774401
0.77288
0.933494
0.908534
0.729793
0.757964
0.957213
0.958906
0.791879
0.81256
0.982402
0.945976
0.747101
0.747733
0.915735
0.900401
0.737086
0.774426
0.971629
0.969594
0.799335
0.815276
0.981468
0.939674
0.732691
0.732876
0.908568
0.897468
0.73971
0.792422
0.998995
0.989478
0.807268
0.803814
0.937297
0.888298
0.72154
0.75092
0.916042
0.923995
0.820153
0.847618
0.9494
0.915238
0.805911
0.804762
0.866286
0.853855
0.809868
0.830132
0.874432
0.879326
0.874394
0.886357
0.88839
0.877096
0.868599
0.844401
0.802696
0.792165
0.822887
0.844848
0.853878
0.894737
0.946273
0.939156
0.881954
0.840143
0.818557
0.785404
0.765952
0.801472
0.866636
0.912615
0.933378
0.934455
0.905266
0.855344
0.813407
0.787427
0.780187
0.810484
0.868268
0.906008
0.91015
0.908313
0.898145
0.858231
0.813556
0.801696
0.813792
0.834528
0.868753
0.894687
0.887721
0.880349
0.890598
0.864303
0.802095
0.80247
0.86884
0.877493
0.825445
0.846521
0.924288
0.903377
0.809618
0.814117
0.893469
0.882211
0.809913
0.831918
0.908562
0.889515
0.813388
0.819541
0.877828
0.87153
0.830388
0.853138
0.906524
0.894179
0.838271
0.829978
0.860641
0.849415
0.809091
0.833087
0.907666
0.908877
0.835708
0.834251
0.907783
0.881638
0.767004
0.792522
0.942209
0.930129
0.770758
0.79421
0.972633
0.930777
0.719344
0.76542
1.0034
0.963522
0.718083
0.756783
0.9942
0.934932
0.686656
0.753229
1.01832
0.980305
0.748163
0.792971
0.999698
0.927115
0.698829
0.739016
0.938938
0.909971
0.752132
0.815816
0.997303
0.963288
0.801658
0.81665
0.930402
0.871781
0.726964
0.759877
0.898839
0.901289
0.824343
0.870854
0.968198
0.92389
0.806637
0.797004
0.851267
0.835722
0.800153
0.846963
0.916415
0.913676
0.874033
0.857464
0.844447
0.820639
0.817217
0.836534
0.855773
0.8807
0.907386
0.898839
0.859783
0.840879
0.84422
0.832242
0.818548
0.83854
0.869313
0.875173
0.870585
0.871639
0.865955
0.860026
0.867379
0.863927
0.840931
0.840424
0.863955
0.853729
0.81873
0.833313
0.882734
0.8835
0.852159
0.866515
0.899798
0.879449
0.83672
0.832934
0.84199
0.831899
0.832281
0.848792
0.855356
0.874155
0.91457
0.908521
0.848447
0.835403
0.871803
0.838598
0.76167
0.79755
0.910658
0.918258
0.849733
0.876228
0.945583
0.887567
0.772505
0.778184
0.851695
0.84989
0.824125
0.873215
0.929405
0.911857
0.871324
0.851587
0.826665
0.812711
0.837274
0.849106
0.829914
0.855865
0.918449
0.902958
0.830184
0.841452
0.908626
0.879091
0.792654
0.808901
0.882275
0.859575
0.796842
0.840456
0.928657
0.920919
0.863945
0.864006
0.875467
0.829878
0.786367
0.801923
0.837557
0.868636
0.907887
0.920797
0.88586
0.863912
0.870485
0.831932
0.76844
0.795958
0.885239
0.89404
0.847483
0.878288
0.938931
0.896528
0.810715
0.810441
0.846737
0.828827
0.810696
0.847577
0.885614
0.899574
0.916803
0.904182
0.844285
0.820355
0.847147
0.820904
0.762662
0.816174
0.936016
0.936818
0.855814
0.871873
0.93091
0.863333
0.751327
0.777928
0.873034
0.871978
0.831327
0.87388
0.931033
0.897997
0.838022
0.83812
0.856622
0.843358
0.832379
0.843684
0.849067
0.852222
0.870814
0.875793
0.858579
0.870262
0.903948
0.877924
0.80822
0.808129
0.863371
0.848355
0.794905
0.849766
0.958635
0.93619
0.830548
0.836127
0.900662
0.835728
0.724826
0.780233
0.918294
0.919465
0.850336
0.896451
0.970457
0.896459
0.771249
0.773384
0.836167
0.823214
0.798057
0.860299
0.935427
0.92841
0.887592
0.878672
0.871195
0.835184
0.805721
0.807776
0.823177
0.839958
0.862122
0.8842
0.896901
0.897252
0.883774
0.862289
0.843509
0.826583
0.81418
0.827687
0.863351
0.877241
0.864368
0.874353
0.89935
0.869811
0.809039
0.821012
0.883205
0.87075
0.812565
0.849865
0.933565
0.892456
0.786655
0.8141
0.911757
0.872691
0.775526
0.837174
0.961245
0.915007
0.793047
0.821558
0.907128
0.849127
0.75712
0.820416
0.93171
0.918615
0.86117
0.876696
0.889326
0.832503
0.787908
0.800582
0.824708
0.864739
0.928407
0.934405
0.870922
0.853481
0.878941
0.815182
0.720463
0.78708
0.939824
0.941194
0.85295
0.896093
0.973578
0.863218
0.699619
0.735011
0.862487
0.864563
0.834888
0.924124
1.00513
0.93923
0.83255
0.794963
0.779195
0.767665
0.808331
0.867198
0.895208
0.930061
0.960316
0.899787
0.794681
0.784425
0.838927
0.831754
0.807988
0.874246
0.949884
0.913791
0.836848
0.831135
0.851438
0.828299
0.811534
0.849821
0.891688
0.888708
0.868142
0.862283
0.859599
0.845579
0.835135
0.847595
0.869813
0.8696
0.851828
0.854865
0.871794
0.854893
0.822454
0.842454
0.889843
0.877028
0.832221
0.853629
0.902194
0.86808
0.803286
0.833118
0.901106
0.874367
0.812143
0.846691
0.910444
0.869079
0.796056
0.830229
0.902148
0.877937
0.824255
0.863666
0.922468
0.878258
0.802701
0.8174
0.864428
0.84235
0.812212
0.862742
0.925811
0.908547
0.859728
0.853358
0.853534
0.817422
0.794425
0.828416
0.879073
0.900558
0.901424
0.896001
0.872991
0.830186
0.795536
0.800044
0.838389
0.872444
0.889134
0.91302
0.927686
0.876092
0.792829
0.788867
0.846569
0.841038
0.804778
0.877971
0.982214
0.920867
0.785282
0.814159
0.917298
0.849647
0.731471
0.826875
0.98486
0.908698
0.753566
0.827977
0.974647
0.88809
0.737469
0.828761
0.981306
0.882722
0.716777
0.80313
0.967396
0.896903
0.762672
0.863134
1.01058
0.896632
0.710655
0.774875
0.922631
0.853975
0.742177
0.871306
1.04282
0.951728
0.777286
0.813584
0.904378
0.804283
0.693172
0.806274
0.965079
0.940032
0.863854
0.901918
0.931114
0.842683
0.764084
0.785657
0.826777
0.848568
0.886349
0.906795
0.88225
0.8756
0.88832
0.841429
0.78112
0.823371
0.903238
0.885159
0.832585
0.864573
0.904334
0.850367
0.792352
0.825129
0.875051
0.873625
0.870849
0.889002
0.883725
0.862238
0.854132
0.831043
0.798046
0.823742
0.883027
0.873405
0.831032
0.873384
0.939441
0.890471
0.805686
0.841443
0.908942
0.847494
0.759869
0.812844
0.901703
0.866751
0.812603
0.880273
0.956445
0.90629
0.829628
0.840164
0.859505
0.816685
0.79036
0.829656
0.87095
0.883649
0.894672
0.890514
0.860462
0.851502
0.865884
0.84585
0.815814
0.849783
0.898332
0.867499
0.814353
0.837134
0.879041
0.857165
0.833965
0.873084
0.905664
0.879417
0.84811
0.840095
0.828616
0.830644
0.861589
0.869373
0.85007
0.874166
0.911432
0.859918
0.782218
0.821009
0.904164
0.871566
0.808029
0.875875
0.960682
0.882404
0.769091
0.815697
0.900809
0.84185
0.767745
0.850802
0.952013
0.897847
0.815871
0.863502
0.922798
0.859709
0.789148
0.829326
0.879637
0.846028
0.814546
0.85209
0.887305
0.878672
0.874157
0.879787
0.865218
0.856402
0.8648
0.838595
0.797309
0.82957
0.893087
0.867225
0.812201
0.867487
0.945538
0.884226
0.791389
0.846459
0.929313
0.855483
0.758635
0.826886
0.921561
0.859
0.780209
0.86083
0.95825
0.898973
0.813106
0.860294
0.916414
0.834445
0.744235
0.803505
0.897577
0.870556
0.826125
0.90537
0.983594
0.901291
0.784626
0.808621
0.865258
0.804129
0.751957
0.851564
0.960035
0.925785
0.862643
0.882591
0.887519
0.820473
0.783538
0.808562
0.831744
0.867762
0.924994
0.91023
0.841048
0.861718
0.91734
0.82931
0.716712
0.815028
0.965428
0.889715
0.766897
0.881462
1.01561
0.872404
0.697869
0.805838
0.956595
0.85386
0.737696
0.877669
1.02119
0.901397
0.751158
0.81941
0.906543
0.811837
0.734841
0.85516
0.981725
0.936563
0.861531
0.889273
0.898073
0.798821
0.723387
0.769472
0.845692
0.874281
0.903629
0.956294
0.966735
0.90802
0.83346
0.784307
0.759492
0.762742
0.804557
0.870629
0.928844
0.955794
0.944267
0.900599
0.84219
0.792207
0.770757
0.784088
0.823014
0.872918
0.914567
0.924821
0.903434
0.878721
0.857465
0.819554
0.789802
0.819962
0.873811
0.869293
0.842883
0.883692
0.928314
0.865634
0.786012
0.832501
0.906076
0.851995
0.786903
0.872349
0.96348
0.877122
0.767637
0.83075
0.91443
0.833472
0.75623
0.867743
0.98363
0.902637
0.795549
0.855294
0.920153
0.820277
0.733505
0.833324
0.943883
0.886904
0.814044
0.878524
0.933594
0.84866
0.775217
0.839548
0.907378
0.867599
0.827283
0.863015
0.882715
0.841249
0.819615
0.845262
0.865858
0.877726
0.89513
0.881475
0.843104
0.845233
0.865566
0.82929
0.792756
0.850972
0.919058
0.876546
0.816901
0.866933
0.922218
0.857266
0.792534
0.856936
0.921603
0.855233
0.785055
0.837271
0.893102
0.84445
0.808541
0.877243
0.934057
0.892109
0.844912
0.857641
0.860335
0.821753
0.806039
0.831741
0.855006
0.868204
0.883313
0.883168
0.870045
0.872302
0.877195
0.857143
0.837025
0.842059
0.844581
0.831085
0.830345
0.845704
0.859403
0.882401
0.908005
0.893292
0.85546
0.857466
0.869169
0.821601
0.779265
0.835435
0.904205
0.869357
0.821917
0.878501
0.931011
0.860777
0.793874
0.857288
0.920276
0.855208
0.790675
0.845527
0.895266
0.837947
0.79832
0.865774
0.922236
0.887401
0.852334
0.867811
0.864892
0.828961
0.819394
0.834924
0.845654
0.872654
0.903157
0.876611
0.829141
0.849836
0.886615
0.842381
0.801449
0.874614
0.943149
0.869079
0.782849
0.836667
0.898392
0.824503
0.769241
0.879802
0.979213
0.896946
0.80085
0.860219
0.9132
0.809365
0.733205
0.844457
0.952365
0.883199
0.808603
0.884994
0.940753
0.83563
0.75342
0.839922
0.92343
0.864295
0.813173
0.883778
0.928532
0.847142
0.78097
0.82855
0.875944
0.845168
0.833346
0.896827
0.937779
0.893615
0.840182
0.835962
0.829752
0.788833
0.779062
0.843483
0.91441
0.926091
0.914997
0.922043
0.898906
0.814218
0.747403
0.765742
0.81623
0.841835
0.87942
0.947077
0.973179
0.921868
0.853753
0.811404
0.779015
0.765729
0.796757
0.846703
0.888783
0.936032
0.96042
0.906156
0.826585
0.82178
0.841726
0.789373
0.758543
0.867752
0.972181
0.900611
0.807719
0.882236
0.946288
0.807587
0.697465
0.843848
0.987143
0.870703
0.761268
0.908665
1.01568
0.831623
0.681195
0.828213
0.958139
0.8282
0.743275
0.908844
1.01865
0.883347
0.774265
0.84795
0.887139
0.797415
0.766755
0.853639
0.91371
0.909157
0.908164
0.895115
0.847016
0.819844
0.817381
0.790109
0.786828
0.86951
0.946292
0.92183
0.877178
0.893859
0.887881
0.801429
0.748076
0.805874
0.872675
0.864233
0.858911
0.917622
0.945374
0.871933
0.803181
0.834191
0.870325
0.817866
0.783827
0.86622
0.933586
0.867376
0.807434
0.87938
0.933896
0.847155
0.782377
0.863238
0.921174
0.83824
0.780654
0.855206
0.906892
0.847599
0.816586
0.879352
0.913523
0.870287
0.842768
0.857939
0.855425
0.835909
0.836333
0.839972
0.838584
0.863137
0.890593
0.870566
0.84656
0.879743
0.905543
0.852833
0.805275
0.845574
0.879541
0.822847
0.787689
0.86624
0.931778
0.878987
0.832646
0.891382
0.92063
0.827709
0.764014
0.833253
0.893689
0.849467
0.82782
0.897122
0.926476
0.857827
0.810713
0.836843
0.854017
0.841801
0.85383
0.877187
0.875619
0.874397
0.875792
0.841932
0.813374
0.852374
0.891775
0.85343
0.81863
0.863948
0.892895
0.837065
0.809167
0.875566
0.921517
0.881821
0.849402
0.866012
0.856565
0.809511
0.796111
0.823658
0.851817
0.885663
0.919736
0.909003
0.873699
0.874717
0.872286
0.806016
0.762047
0.827961
0.893293
0.849848
0.818896
0.906262
0.960926
0.865953
0.792313
0.868325
0.916424
0.812489
0.74908
0.853189
0.928314
0.849236
0.805893
0.906134
0.956375
0.854999
0.785033
0.841212
0.871824
0.814157
0.804315
0.882059
0.92565
0.896905
0.871361
0.863081
0.835021
0.806747
0.809345
0.829444
0.859933
0.902307
0.924072
0.904019
0.867991
0.832733
0.799459
0.795271
0.825732
0.850409
0.873483
0.928343
0.953323
0.878837
0.799808
0.822325
0.850452
0.790859
0.775621
0.896181
0.975691
0.892032
0.818092
0.875034
0.898478
0.794471
0.75087
0.866303
0.946479
0.87603
0.823503
0.88906
0.910464
0.804129
0.750876
0.851543
0.928901
0.868244
0.829291
0.911906
0.943213
0.824598
0.750735
0.841315
0.907185
0.828556
0.790528
0.897473
0.951361
0.849836
0.792677
0.880558
0.926834
0.843052
0.79725
0.858503
0.879407
0.814744
0.798047
0.865732
0.910573
0.899068
0.891051
0.890408
0.858204
0.810525
0.788632
0.79903
0.833285
0.882156
0.922063
0.932613
0.910832
0.860628
0.804347
0.780086
0.79228
0.816509
0.860552
0.931765
0.967052
0.916395
0.84583
0.826083
0.8104
0.76209
0.767504
0.86918
0.94749
0.920966
0.884374
0.905413
0.889962
0.793889
0.748662
0.824598
0.89068
0.86046
0.846726
0.916105
0.935973
0.83767
0.776295
0.843885
0.892111
0.830356
0.80792
0.902859
0.945436
0.850477
0.792119
0.860422
0.893725
0.818358
0.793749
0.880382
0.921789
0.86022
0.829003
0.87159
0.881122
0.836038
0.825484
0.860867
0.876369
0.864689
0.859671
0.857065
0.845739
0.840607
0.8463
0.854132
0.867672
0.884322
0.885784
0.868809
0.846327
0.825716
0.816251
0.829033
0.857201
0.886444
0.908084
0.906172
0.876309
0.844837
0.818779
0.781941
0.777115
0.854576
0.931538
0.909074
0.87662
0.930107
0.930399
0.779121
0.693404
0.821349
0.923081
0.835401
0.807802
0.973025
1.02576
0.823814
0.702636
0.830865
0.9029
0.781661
0.766397
0.957557
1.03426
0.879475
0.779943
0.848996
0.859329
0.751422
0.746036
0.887208
0.965754
0.918042
0.884247
0.896583
0.860136
0.786786
0.771271
0.813441
0.856744
0.895425
0.924028
0.909356
0.869686
0.850628
0.832362
0.792634
0.791253
0.858307
0.908791
0.889988
0.872701
0.895044
0.883973
0.818661
0.79196
0.837398
0.87141
0.858125
0.860289
0.893535
0.893202
0.848474
0.824282
0.839951
0.850848
0.845806
0.855111
0.876513
0.881153
0.870267
0.862179
0.85572
0.847528
0.845287
0.844886
0.83769
0.836775
0.85335
0.870615
0.877046
0.885564
0.89507
0.884315
0.854499
0.826394
0.806316
0.799926
0.82262
0.861531
0.885359
0.902823
0.930303
0.924203
0.855287
0.796837
0.808516
0.822471
0.789839
0.803451
0.908015
0.966745
0.901606
0.850638
0.894515
0.888525
0.770214
0.728436
0.84788
0.924003
0.853279
0.832125
0.944583
0.967503
0.816688
0.742913
0.853248
0.905429
0.799666
0.778971
0.926362
0.978555
0.84358
0.780872
0.884082
0.911098
0.787318
0.75555
0.886752
0.944975
0.854774
0.826453
0.920113
0.93277
0.809127
0.752612
0.835561
0.877172
0.810907
0.813875
0.942755
0.99147
0.874518
0.799958
0.867979
0.875733
0.744429
0.718169
0.886766
0.976911
0.873449
0.833746
0.948446
0.954745
0.788437
0.727919
0.842387
0.888175
0.816778
0.820392
0.903411
0.913927
0.873234
0.870715
0.861073
0.83637
0.873367
0.896302
0.800109
0.74766
0.874323
0.942592
0.801419
0.75917
0.968214
1.04021
0.805267
0.703861
0.917198
0.982795
0.738569
0.676173
0.944231
1.03226
0.79128
0.714376
0.934339
0.989729
0.778015
0.732828
0.935842
0.989479
0.820439
0.767573
0.886234
0.900574
0.784954
0.773645
0.883776
0.925097
0.875119
0.863189
0.895264
0.878426
0.81985
0.802079
0.83446
0.85955
0.859635
0.868917
0.893925
0.889865
0.843316
0.817247
0.848522
0.871758
0.843409
0.839949
0.899734
0.911302
0.825422
0.786653
0.864567
0.900997
0.825544
0.812985
0.921443
0.943861
0.81863
0.770645
0.869622
0.901487
0.813035
0.8088
0.91814
0.938581
0.844107
0.809135
0.85373
0.853576
0.81668
0.831706
0.873502
0.887019
0.8948
0.896263
0.857151
0.824592
0.848247
0.857373
0.810213
0.807354
0.88364
0.912899
0.857134
0.840982
0.890465
0.890098
0.832549
0.822357
0.857402
0.862854
0.853374
0.860908
0.851143
0.836295
0.867626
0.886893
0.833267
0.817647
0.908157
0.93674
0.821655
0.775765
0.88925
0.9184
0.782068
0.760721
0.930881
0.980322
0.822997
0.771864
0.906018
0.920517
0.760104
0.741369
0.920742
0.983067
0.85536
0.8182
0.92808
0.91584
0.74302
0.701835
0.859586
0.933655
0.840092
0.840188
0.991866
0.999073
0.795895
0.714221
0.855186
0.896891
0.751365
0.753916
0.970186
1.02382
0.831688
0.7677
0.915073
0.924263
0.745659
0.728544
0.912088
0.964109
0.842073
0.823387
0.925348
0.914518
0.796489
0.772137
0.841009
0.86154
0.841976
0.866347
0.906114
0.906381
0.889582
0.871621
0.835383
0.808205
0.820903
0.83212
0.816552
0.833393
0.899965
0.929938
0.892196
0.873067
0.898221
0.87521
0.79045
0.762054
0.821526
0.856344
0.835666
0.862967
0.945464
0.955381
0.87357
0.826279
0.844177
0.829928
0.780071
0.796455
0.875686
0.910608
0.885441
0.874728
0.884518
0.862911
0.823546
0.822317
0.854891
0.874869
0.872295
0.868057
0.863829
0.844888
0.819287
0.819305
0.853324
0.885546
0.891583
0.894152
0.901162
0.873069
0.809545
0.78081
0.811664
0.842589
0.852699
0.888013
0.938312
0.934149
0.876781
0.830868
0.809792
0.791212
0.791744
0.826885
0.869658
0.904301
0.933757
0.931244
0.882841
0.837195
0.823577
0.804258
0.775833
0.795756
0.862838
0.908513
0.918344
0.926982
0.922279
0.878227
0.822679
0.784071
0.75981
0.773051
0.842015
0.907883
0.922421
0.933687
0.959658
0.91767
0.802587
0.744687
0.783651
0.809062
0.796944
0.848847
0.953441
0.977312
0.909593
0.864333
0.858601
0.818566
0.761994
0.772033
0.839322
0.887682
0.902804
0.918577
0.926896
0.892702
0.829169
0.790026
0.794092
0.810828
0.827428
0.868533
0.924851
0.938473
0.897978
0.861574
0.851014
0.826172
0.789698
0.797081
0.845224
0.871202
0.865759
0.875569
0.902445
0.9031
0.876365
0.862912
0.865635
0.844488
0.798
0.782514
0.819245
0.852472
0.856445
0.891059
0.963368
0.964052
0.864133
0.801779
0.830994
0.816565
0.732884
0.761189
0.921782
0.979413
0.880988
0.85943
0.954453
0.920694
0.745127
0.717317
0.868364
0.905399
0.792911
0.811074
0.971141
0.975431
0.809906
0.777046
0.903038
0.903825
0.76545
0.772534
0.933665
0.953435
0.808718
0.788315
0.918476
0.913861
0.757845
0.757417
0.937716
0.97095
0.814464
0.801739
0.968773
0.953951
0.725748
0.692187
0.905611
0.937694
0.737575
0.75989
1.03865
1.06522
0.790036
0.744398
0.978849
0.951792
0.639668
0.625582
0.941727
0.994739
0.747262
0.775403
1.08517
1.0837
0.762219
0.708383
0.942973
0.918736
0.643222
0.659219
0.958226
1.00866
0.799534
0.813352
1.03949
1.011
0.745466
0.705007
0.895719
0.899292
0.72118
0.754881
0.978385
0.997734
0.816836
0.798044
0.938834
0.914377
0.748405
0.755454
0.914231
0.932288
0.81994
0.823201
0.919534
0.897939
0.793486
0.794407
0.874979
0.888358
0.854396
0.868027
0.896812
0.876953
0.841569
0.829277
0.823337
0.827319
0.857321
0.878226
0.867608
0.869274
0.893293
0.881282
0.833556
0.824915
0.858735
0.862424
0.83534
0.842569
0.876369
0.874329
0.845466
0.845579
0.868129
0.869907
0.857433
0.860715
0.869972
0.862188
0.845847
0.838779
0.839752
0.842866
0.850619
0.864671
0.879639
0.886075
0.87875
0.864703
0.851849
0.835085
0.817
0.821452
0.852499
0.876575
0.879992
0.887428
0.896716
0.873902
0.830089
0.813848
0.827971
0.841373
0.855606
0.879707
0.891224
0.88107
0.86771
0.847447
0.816915
0.81781
0.862091
0.885095
0.86488
0.867645
0.8989
0.876809
0.80998
0.802969
0.855405
0.868354
0.843622
0.861557
0.902178
0.890241
0.848587
0.839121
0.846989
0.843648
0.84844
0.860645
0.855657
0.85521
0.877291
0.873347
0.832362
0.83186
0.882278
0.885978
0.833942
0.835965
0.893673
0.883616
0.809976
0.811767
0.888116
0.893081
0.825771
0.835492
0.916376
0.902757
0.799848
0.794575
0.89237
0.894677
0.797064
0.817153
0.950295
0.941182
0.789056
0.780519
0.922358
0.907917
0.74291
0.767515
0.96712
0.964358
0.769908
0.779014
0.974318
0.947553
0.730787
0.749959
0.967957
0.953122
0.744738
0.76443
0.964291
0.939236
0.747519
0.773985
0.9569
0.943281
0.793284
0.810702
0.929702
0.898483
0.787802
0.798789
0.869659
0.865335
0.841997
0.864897
0.877697
0.87343
0.89596
0.889538
0.822189
0.810559
0.880726
0.870825
0.771021
0.790031
0.927753
0.936992
0.819614
0.838065
0.970664
0.931058
0.75239
0.744299
0.884708
0.877405
0.758405
0.814976
0.989016
0.980853
0.8326
0.818997
0.903607
0.855673
0.737418
0.769675
0.895001
0.913141
0.857791
0.873446
0.917724
0.881464
0.815042
0.814197
0.850216
0.860237
0.8586
0.871213
0.877456
0.861098
0.839428
0.831178
0.838395
0.852726
0.866353
0.881415
0.894458
0.883385
0.847736
0.828567
0.839482
0.840154
0.826964
0.851476
0.903106
0.903335
0.853921
0.838688
0.859132
0.840433
0.800635
0.827072
0.898064
0.91479
0.881959
0.877638
0.888242
0.846476
0.783307
0.782355
0.83172
0.859884
0.868029
0.90158
0.937085
0.914992
0.853001
0.821107
0.825039
0.815534
0.799846
0.832993
0.896545
0.908854
0.870266
0.862266
0.885756
0.860738
0.803756
0.817095
0.885048
0.890919
0.842317
0.850478
0.897668
0.871221
0.800442
0.80802
0.871236
0.875894
0.842528
0.867451
0.918403
0.90078
0.842174
0.828372
0.843596
0.827283
0.804187
0.830171
0.881656
0.900839
0.891757
0.890713
0.888677
0.855512
0.811286
0.804864
0.833933
0.852615
0.855149
0.876417
0.904678
0.88652
0.835032
0.825325
0.859851
0.863833
0.837436
0.859355
0.912677
0.890889
0.810074
0.802451
0.86467
0.859696
0.800658
0.841149
0.950478
0.936175
0.822041
0.821714
0.913461
0.873995
0.744697
0.778761
0.928701
0.916541
0.787581
0.825327
0.970921
0.929399
0.768555
0.791365
0.930404
0.892944
0.755192
0.79923
0.943735
0.920479
0.804323
0.831071
0.924798
0.883547
0.785373
0.804984
0.87873
0.873419
0.841171
0.868874
0.904211
0.887533
0.856683
0.843318
0.830193
0.822558
0.835794
0.849441
0.85435
0.873319
0.897056
0.890403
0.86428
0.852832
0.84916
0.837224
0.832919
0.843699
0.853599
0.863881
0.878721
0.873746
0.846669
0.840687
0.860858
0.858756
0.83937
0.860693
0.904666
0.893825
0.842062
0.831131
0.851091
0.830702
0.796025
0.826825
0.893998
0.907871
0.882123
0.889887
0.909544
0.870665
0.803687
0.793238
0.825363
0.825727
0.811655
0.857262
0.933729
0.941779
0.890946
0.877708
0.889858
0.828654
0.732662
0.748128
0.855135
0.889469
0.858499
0.918123
1.01746
0.94817
0.768244
0.739934
0.838201
0.814208
0.724546
0.834555
1.0424
1.01661
0.831644
0.819812
0.915698
0.822496
0.658252
0.745892
0.962691
0.968944
0.84677
0.880284
0.972742
0.87501
0.712851
0.748795
0.889815
0.899095
0.837515
0.885213
0.961378
0.89174
0.76162
0.76701
0.862155
0.869394
0.824295
0.886636
0.989823
0.934741
0.783704
0.771591
0.862546
0.830752
0.736628
0.825089
1.00478
0.979398
0.823006
0.835986
0.94216
0.85413
0.685135
0.748357
0.933141
0.923413
0.811977
0.87532
0.998621
0.917736
0.754115
0.768376
0.870527
0.848367
0.788157
0.859354
0.962266
0.931604
0.839804
0.827803
0.853166
0.820723
0.783625
0.833758
0.918461
0.924822
0.872069
0.864643
0.887508
0.834643
0.74793
0.78592
0.911462
0.919376
0.83276
0.873857
0.987418
0.901359
0.703534
0.740679
0.930769
0.894898
0.731588
0.83933
1.07222
0.97875
0.714946
0.760351
0.964832
0.86686
0.647919
0.771885
1.04073
0.98265
0.77204
0.840456
1.012
0.891976
0.669637
0.734654
0.926326
0.889307
0.764514
0.862432
1.03053
0.96158
0.789484
0.807165
0.904875
0.828395
0.701458
0.773393
0.92633
0.920577
0.849977
0.905617
0.980937
0.911146
0.800509
0.788061
0.804983
0.787607
0.803153
0.854793
0.880019
0.915504
0.973598
0.934492
0.812049
0.803039
0.886142
0.8312
0.705544
0.788075
0.973923
0.936683
0.787938
0.854449
1.00128
0.910766
0.737692
0.785693
0.908646
0.855159
0.768235
0.836943
0.926368
0.908817
0.882232
0.882799
0.841786
0.816655
0.855023
0.831984
0.753034
0.826038
0.995054
0.961461
0.796848
0.840723
0.984217
0.860543
0.63522
0.728931
0.971061
0.931022
0.773683
0.889356
1.07386
0.941033
0.701383
0.737222
0.88316
0.828081
0.735161
0.856678
1.01436
0.965719
0.843785
0.842671
0.871128
0.811012
0.761465
0.814136
0.88401
0.894913
0.887666
0.886871
0.866495
0.845957
0.852797
0.849337
0.827347
0.851028
0.902374
0.874814
0.799478
0.821323
0.902418
0.87383
0.792446
0.851493
0.967364
0.911954
0.779208
0.816931
0.924528
0.854324
0.728917
0.805281
0.953427
0.915036
0.810626
0.870903
0.966326
0.883964
0.755447
0.784813
0.868454
0.843837
0.805009
0.875656
0.95566
0.926215
0.857866
0.8451
0.845424
0.805067
0.776117
0.814607
0.878439
0.901266
0.895994
0.910981
0.922635
0.871119
0.793731
0.787106
0.830165
0.822854
0.799256
0.868754
0.965775
0.941584
0.854842
0.857061
0.888332
0.818602
0.740582
0.79352
0.887833
0.894063
0.87456
0.902333
0.909058
0.860736
0.825176
0.816057
0.807693
0.841047
0.909595
0.907526
0.844876
0.854112
0.900779
0.834003
0.735282
0.802351
0.940307
0.922181
0.835629
0.892999
0.977556
0.87094
0.714197
0.754307
0.8748
0.847941
0.787384
0.893291
1.02166
0.950734
0.808196
0.815145
0.872511
0.800625
0.721686
0.815905
0.954024
0.938786
0.863
0.889465
0.925867
0.837035
0.736948
0.775761
0.864603
0.868426
0.852232
0.911085
0.963336
0.912095
0.830164
0.816598
0.82815
0.795899
0.771597
0.824505
0.900874
0.914527
0.895411
0.916008
0.935518
0.87222
0.782444
0.782926
0.833692
0.816462
0.783239
0.861156
0.967359
0.93316
0.837791
0.864149
0.928791
0.849591
0.738865
0.8015
0.917392
0.869683
0.777277
0.850076
0.958855
0.895399
0.791486
0.848826
0.937997
0.870136
0.772803
0.823918
0.906629
0.862362
0.798675
0.85203
0.91949
0.878733
0.819919
0.848915
0.891406
0.862365
0.825684
0.850265
0.880757
0.857933
0.828138
0.846449
0.876844
0.866542
0.844357
0.862226
0.888883
0.863273
0.821876
0.84268
0.887302
0.864122
0.81689
0.846932
0.898217
0.859444
0.80192
0.849689
0.923666
0.892338
0.830652
0.856579
0.890571
0.832233
0.773627
0.815588
0.881818
0.887025
0.881045
0.906866
0.910317
0.863273
0.815971
0.801252
0.805772
0.823062
0.855176
0.889867
0.911776
0.910497
0.885958
0.858863
0.840456
0.812758
0.787929
0.814845
0.871773
0.878799
0.858555
0.900363
0.952606
0.896197
0.8016
0.817246
0.869768
0.810108
0.739342
0.822838
0.943416
0.917847
0.852534
0.909921
0.967711
0.871608
0.755377
0.779735
0.839373
0.810606
0.792683
0.87365
0.947499
0.93139
0.895551
0.885398
0.858596
0.818971
0.806749
0.803698
0.801021
0.843063
0.904727
0.902357
0.867579
0.891975
0.922666
0.861696
0.786092
0.809582
0.859136
0.83484
0.812203
0.869024
0.921189
0.89923
0.866906
0.863689
0.848803
0.827196
0.8324
0.836057
0.830378
0.868414
0.920277
0.89251
0.83087
0.849245
0.887919
0.832405
0.771522
0.831744
0.914283
0.890119
0.848283
0.89058
0.922459
0.861098
0.7983
0.806257
0.82521
0.822567
0.842281
0.882878
0.905505
0.916341
0.917178
0.875532
0.81548
0.802589
0.819889
0.810776
0.810782
0.873439
0.935266
0.916667
0.867075
0.862077
0.862954
0.817082
0.78549
0.833251
0.896498
0.891809
0.861545
0.876235
0.889391
0.837626
0.789327
0.829269
0.89096
0.877567
0.843718
0.874282
0.903929
0.850527
0.796062
0.837899
0.898294
0.874483
0.83288
0.864507
0.896952
0.842454
0.787188
0.835759
0.90584
0.881589
0.835005
0.87547
0.918463
0.848847
0.771652
0.828392
0.914215
0.873769
0.809236
0.871514
0.938335
0.849578
0.748868
0.821848
0.928587
0.877125
0.80482
0.893177
0.98097
0.871915
0.739448
0.803548
0.90381
0.827379
0.745653
0.870674
1.00642
0.915501
0.788762
0.86582
0.956783
0.83484
0.709419
0.813889
0.939666
0.858093
0.766861
0.870828
0.973417
0.887383
0.796516
0.864615
0.927323
0.850237
0.778782
0.823839
0.870231
0.839059
0.823188
0.87618
0.91935
0.902383
0.872063
0.864342
0.851173
0.810836
0.783323
0.816188
0.875532
0.888269
0.87696
0.915664
0.946765
0.861021
0.753044
0.792305
0.881244
0.830072
0.766778
0.895867
1.02823
0.907192
0.745557
0.831868
0.949067
0.821175
0.700367
0.861741
1.02352
0.896343
0.746524
0.841291
0.936684
0.817735
0.730848
0.861977
0.981034
0.919434
0.847559
0.87471
0.872169
0.796005
0.763488
0.800677
0.841459
0.889417
0.943515
0.93271
0.874942
0.870252
0.879499
0.799338
0.72717
0.808073
0.917815
0.877269
0.814714
0.906965
0.992172
0.877535
0.750715
0.829329
0.925205
0.822438
0.724418
0.850227
0.980425
0.882824
0.774462
0.883758
0.987547
0.858841
0.729183
0.832863
