0.841931
0.874921
0.90403
0.863126
0.82184
0.839805
0.85615
0.828842
0.816911
0.852479
0.884051
0.883307
0.878735
0.879523
0.868027
0.849486
0.840254
0.838518
0.841813
0.853868
0.864744
0.862352
0.855101
0.854355
0.855235
0.853668
0.857353
0.868426
0.876148
0.872548
0.862283
0.85335
0.84507
0.834018
0.829044
0.841244
0.859925
0.867432
0.87139
0.884318
0.889498
0.871565
0.850265
0.842574
0.835922
0.827252
0.832086
0.846854
0.860572
0.881106
0.899054
0.88454
0.854267
0.851017
0.853349
0.823232
0.806418
0.850194
0.896864
0.89021
0.874581
0.882179
0.868055
0.824732
0.803214
0.808949
0.824321
0.871302
0.928781
0.92352
0.88104
0.886094
0.885873
0.793487
0.71929
0.792681
0.891969
0.87252
0.850549
0.941337
0.99334
0.887001
0.783257
0.811227
0.84364
0.790252
0.77288
0.855144
0.918905
0.90374
0.888595
0.903275
0.893502
0.855871
0.830022
0.813885
0.801488
0.816083
0.847729
0.861823
0.873612
0.907238
0.92323
0.888642
0.846508
0.834042
0.825655
0.81021
0.819014
0.852588
0.879156
0.894302
0.899937
0.87701
0.840881
0.836421
0.847522
0.829332
0.819851
0.870408
0.915049
0.88023
0.836471
0.861423
0.881345
0.829327
0.79589
0.849517
0.896846
0.870168
0.848336
0.878151
0.888027
0.85088
0.829863
0.840309
0.844651
0.850082
0.867544
0.863008
0.846761
0.871073
0.898944
0.860845
0.820635
0.86316
0.900622
0.836779
0.780645
0.84002
0.898218
0.849985
0.819434
0.901561
0.956461
0.881802
0.808843
0.837056
0.856717
0.796445
0.773729
0.857948
0.930598
0.905138
0.869246
0.894303
0.897615
0.819643
0.766132
0.82406
0.890673
0.861595
0.831753
0.8981
0.939346
0.845767
0.765869
0.837138
0.909168
0.842138
0.795779
0.900791
0.971821
0.868108
0.777715
0.842652
0.889511
0.801815
0.757838
0.864215
0.947072
0.897805
0.85581
0.902292
0.912431
0.82563
0.767842
0.812254
0.86037
0.842004
0.835399
0.897139
0.934803
0.873168
0.813611
0.859042
0.905537
0.835574
0.776613
0.866933
0.9419
0.831768
0.739421
0.868778
0.983202
0.852974
0.747344
0.907095
1.01812
0.822658
0.671929
0.844474
0.982298
0.817413
0.716681
0.924282
1.0555
0.868949
0.729134
0.857127
0.931368
0.784994
0.719281
0.867242
0.96176
0.889543
0.846296
0.893305
0.891519
0.832684
0.817589
0.830951
0.832357
0.865864
0.903792
0.856181
0.798626
0.858356
0.921369
0.840251
0.779244
0.907709
1.00152
0.850173
0.71799
0.849846
0.955223
0.783437
0.677185
0.905926
1.07437
0.875475
0.718141
0.911581
1.02867
0.775649
0.616891
0.85666
1.02854
0.831828
0.712138
0.935782
1.06099
0.840651
0.698357
0.867797
0.96683
0.794489
0.703682
0.873144
0.980183
0.857615
0.786759
0.911561
0.973191
0.837598
0.748073
0.844797
0.911271
0.815482
0.766549
0.892505
0.972789
0.861308
0.77796
0.87916
0.94404
0.818661
0.743459
0.879679
0.969071
0.839284
0.752526
0.878163
0.952977
0.822345
0.752996
0.886353
0.962758
0.853964
0.79157
0.875334
0.907709
0.825755
0.7959
0.855569
0.883514
0.866303
0.868121
0.868346
0.848059
0.853485
0.868467
0.839553
0.82239
0.876074
0.911097
0.858277
0.817701
0.855847
0.876002
0.831034
0.818954
0.873488
0.901757
0.873002
0.852805
0.856342
0.846571
0.833079
0.841474
0.85576
0.866747
0.887075
0.894427
0.861951
0.827329
0.830935
0.839192
0.823414
0.830704
0.885877
0.923102
0.899388
0.868681
0.869208
0.853497
0.801133
0.780385
0.825914
0.872252
0.874933
0.87962
0.910082
0.910075
0.858227
0.821496
0.836595
0.851691
0.835383
0.831949
0.861881
0.874683
0.848337
0.837048
0.870494
0.897137
0.880801
0.864097
0.875447
0.866223
0.813062
0.784985
0.825067
0.868819
0.867243
0.873442
0.916729
0.923969
0.861166
0.812985
0.830391
0.8447
0.815675
0.812607
0.86792
0.902176
0.874073
0.858144
0.894819
0.907782
0.853914
0.812509
0.833826
0.843767
0.800829
0.79495
0.874269
0.934412
0.906057
0.879568
0.91192
0.902948
0.80472
0.74596
0.800869
0.851832
0.82607
0.834974
0.932052
0.978826
0.903085
0.840256
0.868787
0.864916
0.770022
0.730981
0.820407
0.892743
0.867491
0.871162
0.956877
0.977994
0.875078
0.795366
0.812289
0.81511
0.764925
0.776076
0.875463
0.941832
0.926448
0.906887
0.909392
0.875465
0.804402
0.76994
0.797055
0.835907
0.856157
0.882876
0.923972
0.929888
0.874663
0.820912
0.823098
0.831358
0.802799
0.810499
0.895856
0.947896
0.896313
0.848783
0.872313
0.862659
0.781252
0.758931
0.840318
0.901132
0.893413
0.899191
0.925671
0.901609
0.84042
0.802684
0.785901
0.786984
0.834584
0.89239
0.898862
0.894564
0.927729
0.92039
0.823944
0.76051
0.811083
0.855615
0.815792
0.820725
0.934246
0.985545
0.882512
0.804995
0.862403
0.877661
0.757504
0.719742
0.873725
0.970714
0.872542
0.824399
0.950288
0.981664
0.803777
0.715551
0.846287
0.909119
0.790744
0.762545
0.907334
0.962503
0.859412
0.823982
0.900928
0.912921
0.845115
0.82342
0.83868
0.826465
0.824735
0.845948
0.837162
0.838522
0.908199
0.947258
0.878236
0.828904
0.87904
0.886663
0.790734
0.758585
0.85146
0.902146
0.850963
0.840532
0.906228
0.917171
0.850533
0.822392
0.856412
0.867637
0.841028
0.837759
0.864646
0.870509
0.844534
0.832369
0.856181
0.874184
0.855819
0.849771
0.89247
0.909584
0.846645
0.804514
0.857551
0.883452
0.803953
0.778685
0.894698
0.953739
0.851661
0.803801
0.910883
0.938942
0.798084
0.744618
0.871035
0.925375
0.824099
0.799185
0.908267
0.934397
0.837091
0.80617
0.870075
0.884917
0.843483
0.840722
0.859557
0.850626
0.849905
0.862768
0.843675
0.83686
0.896533
0.925224
0.84895
0.800156
0.864732
0.888128
0.793128
0.771864
0.904685
0.966326
0.857658
0.805123
0.90204
0.917788
0.777357
0.736523
0.879537
0.948055
0.84817
0.816117
0.924455
0.937419
0.796393
0.746711
0.860482
0.914179
0.838045
0.82664
0.923994
0.93589
0.822388
0.774609
0.846862
0.879801
0.829192
0.832435
0.913147
0.928742
0.848606
0.807944
0.849711
0.8646
0.822416
0.826136
0.894677
0.915206
0.857657
0.82669
0.857347
0.862848
0.823105
0.825121
0.882502
0.904295
0.867709
0.847699
0.863876
0.857406
0.822611
0.82033
0.85943
0.882456
0.870626
0.865975
0.881538
0.874901
0.83515
0.817609
0.847287
0.86689
0.845148
0.843448
0.889524
0.902149
0.84695
0.822244
0.871694
0.888366
0.828714
0.811044
0.876808
0.895115
0.824758
0.80667
0.884688
0.914925
0.851945
0.834516
0.89905
0.902753
0.812737
0.779669
0.848041
0.878449
0.829196
0.832612
0.917951
0.93878
0.856084
0.817178
0.869967
0.877467
0.802275
0.789275
0.874521
0.904681
0.837201
0.821816
0.898125
0.91809
0.846177
0.826854
0.889398
0.893612
0.816072
0.791364
0.844147
0.862364
0.83384
0.85034
0.906689
0.920441
0.892612
0.871346
0.847619
0.813664
0.804905
0.815444
0.812945
0.835747
0.911409
0.949472
0.895523
0.856432
0.889823
0.87414
0.770621
0.745504
0.851746
0.906127
0.845221
0.844153
0.943041
0.949619
0.828879
0.781614
0.852551
0.867165
0.800071
0.809582
0.901692
0.9266
0.874338
0.855615
0.868843
0.847408
0.818672
0.823984
0.833015
0.845099
0.890947
0.914831
0.865923
0.836793
0.887371
0.893895
0.802129
0.77838
0.88089
0.911519
0.808288
0.788231
0.909606
0.942074
0.832253
0.813555
0.92774
0.937516
0.804862
0.76144
0.849304
0.865706
0.787224
0.804184
0.928605
0.970188
0.896608
0.8625
0.893155
0.858862
0.758435
0.739869
0.826976
0.883009
0.867979
0.887976
0.955141
0.943989
0.84001
0.7886
0.832545
0.846456
0.797647
0.811491
0.904672
0.926676
0.84691
0.820356
0.887727
0.901155
0.827655
0.820628
0.905523
0.912453
0.809528
0.775539
0.854259
0.876736
0.809878
0.825565
0.942748
0.96842
0.867861
0.822924
0.868793
0.847866
0.75535
0.758099
0.862455
0.913123
0.892305
0.903371
0.931689
0.896966
0.832097
0.800916
0.787954
0.79388
0.849532
0.899072
0.883236
0.876488
0.923125
0.90715
0.799112
0.76788
0.857736
0.891305
0.830089
0.839556
0.925308
0.920319
0.831918
0.806791
0.836671
0.834756
0.834417
0.865279
0.870693
0.871887
0.923563
0.929405
0.826575
0.780576
0.866499
0.876039
0.750072
0.749858
0.928148
0.984794
0.858831
0.84189
0.96625
0.93917
0.752618
0.70581
0.82326
0.858337
0.804004
0.853585
0.975188
0.987474
0.905393
0.855584
0.831509
0.784244
0.758164
0.782422
0.818992
0.86803
0.940325
0.967596
0.914704
0.869059
0.872131
0.838535
0.759682
0.758718
0.848772
0.891423
0.85789
0.864335
0.919181
0.90798
0.835646
0.823371
0.875687
0.885514
0.843427
0.8334
0.856436
0.842131
0.801839
0.812293
0.872793
0.910895
0.908735
0.90782
0.906155
0.862017
0.792732
0.766078
0.795187
0.834131
0.867079
0.910387
0.943456
0.927185
0.873437
0.824958
0.796525
0.788104
0.809272
0.851576
0.887494
0.910581
0.922802
0.901995
0.846571
0.808114
0.812835
0.818964
0.812424
0.844666
0.914661
0.937983
0.894055
0.863691
0.868568
0.835182
0.766476
0.767821
0.850462
0.899089
0.883331
0.89861
0.950683
0.922996
0.814026
0.770601
0.82301
0.836891
0.789996
0.820535
0.932163
0.952715
0.861826
0.837698
0.906444
0.89279
0.785337
0.776575
0.878682
0.891232
0.800428
0.806213
0.917801
0.933452
0.842479
0.837344
0.920472
0.902264
0.785919
0.765517
0.852259
0.871865
0.816837
0.846706
0.951242
0.954226
0.849978
0.811723
0.860794
0.846583
0.767998
0.789312
0.907746
0.935879
0.853304
0.837476
0.906703
0.889559
0.787708
0.793195
0.90696
0.925647
0.834251
0.820171
0.890033
0.869777
0.774592
0.786839
0.895162
0.925383
0.874817
0.876
0.912485
0.8759
0.800665
0.788005
0.82041
0.839449
0.860866
0.891798
0.895322
0.885497
0.893402
0.873566
0.80902
0.794131
0.854605
0.871508
0.821288
0.83811
0.928247
0.930238
0.837093
0.817414
0.877959
0.862487
0.783506
0.798365
0.891483
0.913292
0.868471
0.870902
0.903197
0.872476
0.806467
0.794327
0.828147
0.848591
0.858706
0.888338
0.917312
0.9075
0.866642
0.833053
0.820031
0.811697
0.808974
0.836916
0.888177
0.910997
0.889675
0.872964
0.877826
0.85416
0.801866
0.804028
0.869904
0.891809
0.844538
0.843684
0.906878
0.891778
0.789306
0.787265
0.906474
0.926815
0.81923
0.824118
0.954483
0.929687
0.746358
0.731365
0.900646
0.9156
0.769459
0.806416
1.00518
0.995097
0.79459
0.771134
0.911408
0.883926
0.727752
0.756854
0.92323
0.936551
0.833163
0.846882
0.933173
0.908805
0.82526
0.821421
0.853429
0.839739
0.823936
0.836683
0.839658
0.852798
0.905397
0.920057
0.861772
0.845552
0.899715
0.8736
0.758295
0.760197
0.894133
0.91825
0.812649
0.83428
0.980109
0.954639
0.768147
0.752028
0.907621
0.900973
0.74409
0.779115
0.975767
0.971934
0.792197
0.792564
0.947293
0.918967
0.748125
0.763616
0.923223
0.916595
0.783548
0.804766
0.937383
0.928569
0.819216
0.828669
0.914841
0.888483
0.791471
0.790121
0.856849
0.862386
0.832255
0.864911
0.926221
0.921166
0.866441
0.841205
0.844229
0.822151
0.78978
0.810748
0.874353
0.900575
0.878926
0.881981
0.91228
0.88578
0.811091
0.800998
0.857245
0.860802
0.812538
0.832674
0.905622
0.901241
0.837813
0.841589
0.892676
0.882159
0.836217
0.841857
0.868529
0.856073
0.835924
0.837857
0.836515
0.841679
0.875863
0.890226
0.86136
0.864767
0.911162
0.891919
0.806178
0.796444
0.866675
0.861951
0.7891
0.817854
0.929081
0.931146
0.837463
0.841104
0.924183
0.892687
0.775628
0.781122
0.886795
0.884938
0.796921
0.826504
0.942283
0.929575
0.815759
0.816774
0.908215
0.882449
0.774726
0.795213
0.907288
0.905562
0.822831
0.842009
0.920528
0.894139
0.810788
0.813639
0.862647
0.857244
0.838599
0.861318
0.87896
0.874541
0.883208
0.872392
0.819566
0.814401
0.877677
0.877948
0.80453
0.824313
0.930411
0.919332
0.807313
0.819321
0.928413
0.899326
0.77077
0.78264
0.894852
0.883452
0.797192
0.840092
0.952194
0.939497
0.847366
0.834836
0.864841
0.824595
0.767549
0.79497
0.866048
0.897325
0.901078
0.912954
0.91032
0.872828
0.829218
0.809541
0.812736
0.827942
0.84911
0.870346
0.882519
0.876509
0.857419
0.847806
0.856795
0.865837
0.867285
0.876888
0.886192
0.862934
0.818326
0.801709
0.819313
0.837307
0.856488
0.897206
0.932165
0.919715
0.873513
0.831371
0.801581
0.788354
0.808335
0.851404
0.888372
0.915707
0.929251
0.897177
0.829401
0.7973
0.817911
0.827621
0.821353
0.86606
0.936406
0.925663
0.849517
0.828188
0.859057
0.838655
0.79158
0.827212
0.906823
0.906267
0.851311
0.850605
0.880478
0.858068
0.820357
0.837844
0.872913
0.871166
0.858399
0.856133
0.844913
0.840882
0.865228
0.874112
0.85083
0.860867
0.902496
0.877461
0.799608
0.8009
0.871948
0.872969
0.822328
0.861644
0.948876
0.920105
0.814439
0.80181
0.856696
0.833239
0.775374
0.829334
0.940674
0.94534
0.871843
0.864473
0.896049
0.840157
0.748081
0.770599
0.870441
0.891937
0.853757
0.888094
0.954044
0.909045
0.802328
0.795516
0.859438
0.849547
0.799838
0.8416
0.923514
0.905803
0.832197
0.834812
0.880671
0.862886
0.820917
0.845547
0.892279
0.879508
0.842118
0.840016
0.849046
0.843997
0.851593
0.86973
0.870098
0.873413
0.891191
0.867701
0.805557
0.806037
0.870434
0.872467
0.819415
0.857252
0.95211
0.91835
0.796964
0.800907
0.892216
0.860065
0.762758
0.816597
0.946417
0.926333
0.823087
0.841153
0.914099
0.870057
0.786011
0.813731
0.884358
0.875178
0.838206
0.854657
0.8802
0.866387
0.849825
0.858029
0.867996
0.866318
0.859487
0.84958
0.84029
0.834514
0.832486
0.848606
0.8838
0.897414
0.876703
0.87138
0.883803
0.846952
0.781682
0.795652
0.871206
0.88158
0.841936
0.875838
0.943327
0.903325
0.806373
0.810931
0.876464
0.854211
0.789705
0.824782
0.906071
0.89017
0.827245
0.856005
0.926832
0.900908
0.82172
0.824978
0.872721
0.839005
0.774608
0.817633
0.916699
0.91879
0.857386
0.869535
0.912021
0.856143
0.767852
0.794243
0.881673
0.890966
0.85867
0.883575
0.911383
0.860587
0.795453
0.797437
0.832677
0.857102
0.886535
0.914447
0.909053
0.883688
0.858775
0.819627
0.783249
0.798699
0.848724
0.87397
0.87971
0.897968
0.904962
0.880322
0.855873
0.842494
0.823864
0.825648
0.858095
0.856559
0.816614
0.840962
0.920028
0.904125
0.813672
0.842085
0.949768
0.89374
0.737121
0.783419
0.95756
0.906243
0.722155
0.803016
1.02604
0.938708
0.686911
0.774918
1.04165
0.946302
0.668914
0.775946
1.0616
0.935183
0.624299
0.741073
1.05445
0.956332
0.680665
0.80876
1.08716
0.95036
0.653242
0.73922
0.979458
0.892634
0.700825
0.822106
1.03195
0.953148
0.777741
0.818094
0.91811
0.851887
0.764738
0.818455
0.89057
0.877919
0.862097
0.869768
0.849594
0.849806
0.899579
0.887894
0.811886
0.837889
0.933104
0.872003
0.722466
0.774937
0.946829
0.907989
0.760818
0.856737
1.05149
0.951973
0.717479
0.766291
0.944314
0.851648
0.668192
0.789689
1.02054
0.961916
0.787124
0.854254
0.992867
0.886665
0.713111
0.770255
0.907547
0.869202
0.783744
0.856589
0.96176
0.916321
0.822786
0.83628
0.880467
0.837747
0.78249
0.823078
0.897403
0.898203
0.863624
0.883115
0.914146
0.862043
0.777935
0.786836
0.855608
0.853531
0.817466
0.885769
0.989645
0.940971
0.80633
0.806151
0.881421
0.812407
0.698626
0.798666
0.989873
0.964153
0.825689
0.875337
0.987865
0.863393
0.668229
0.742167
0.932597
0.900116
0.781685
0.879123
1.02507
0.915681
0.726403
0.773369
0.915099
0.870699
0.773594
0.864978
0.989948
0.905925
0.75708
0.782997
0.878327
0.851797
0.806037
0.89128
0.983315
0.92707
0.820341
0.799599
0.811595
0.788568
0.794888
0.866816
0.93057
0.942931
0.926959
0.882008
0.814572
0.784635
0.805252
0.816788
0.822496
0.880505
0.944976
0.919237
0.848159
0.842735
0.869746
0.835501
0.791282
0.833564
0.900778
0.884234
0.834986
0.856124
0.898274
0.863194
0.806276
0.833265
0.891527
0.871517
0.824835
0.862112
0.922946
0.883573
0.804691
0.820125
0.874236
0.838807
0.784516
0.848834
0.948735
0.924171
0.843258
0.859182
0.901957
0.829404
0.737772
0.794006
0.907448
0.899373
0.842096
0.89259
0.958421
0.878602
0.76145
0.790062
0.876187
0.852375
0.804353
0.875377
0.959295
0.907844
0.817372
0.826547
0.862482
0.826139
0.794403
0.845654
0.905087
0.900746
0.877388
0.875505
0.865475
0.836321
0.819709
0.826191
0.841892
0.860936
0.877685
0.883759
0.880233
0.866671
0.844931
0.837183
0.849184
0.847676
0.834801
0.861588
0.906433
0.88337
0.822647
0.838691
0.891805
0.849998
0.778822
0.838679
0.943157
0.901557
0.804966
0.851151
0.934102
0.853962
0.740021
0.808298
0.93052
0.891155
0.809511
0.878202
0.965139
0.881174
0.759839
0.795637
0.879597
0.840643
0.785852
0.871122
0.97621
0.92821
0.828591
0.84562
0.890734
0.817051
0.734662
0.803732
0.914986
0.898796
0.843973
0.894215
0.950117
0.877807
0.785411
0.811836
0.869563
0.841459
0.805433
0.854626
0.909702
0.884114
0.843745
0.862729
0.887786
0.859003
0.824206
0.837639
0.86141
0.851096
0.840605
0.865605
0.890084
0.877981
0.855688
0.848798
0.84152
0.832622
0.842033
0.857441
0.863064
0.881516
0.903702
0.873659
0.816594
0.826075
0.873679
0.849089
0.801924
0.860965
0.943963
0.887784
0.788544
0.831431
0.915684
0.857098
0.775042
0.854908
0.958795
0.891317
0.785903
0.830805
0.903169
0.840293
0.770701
0.845587
0.93875
0.90219
0.838114
0.869694
0.904719
0.842433
0.777637
0.8111
0.866794
0.858059
0.8453
0.889953
0.926029
0.894988
0.850349
0.83987
0.831933
0.812657
0.815958
0.840651
0.860958
0.887252
0.913956
0.894353
0.846558
0.846727
0.872333
0.839075
0.794549
0.840917
0.907184
0.868042
0.802993
0.846924
0.914595
0.873308
0.816758
0.870243
0.928574
0.868032
0.792069
0.818372
0.863082
0.840508
0.828613
0.881672
0.919515
0.897605
0.86679
0.842027
0.808141
0.804822
0.842352
0.854125
0.847186
0.902215
0.963394
0.901862
0.796432
0.816451
0.878856
0.810302
0.730722
0.83618
0.976184
0.920175
0.815936
0.891492
0.982017
0.859126
0.7113
0.787486
0.908748
0.834447
0.744931
0.868465
1.00887
0.925537
0.802077
0.871511
0.957172
0.840891
0.710162
0.791792
0.909088
0.841221
0.759952
0.875811
1.00711
0.931513
0.816538
0.875468
0.943192
0.819014
0.687249
0.770765
0.90207
0.8608
0.802248
0.924044
1.04075
0.928915
0.771154
0.811226
0.890263
0.786461
0.686575
0.828504
1.0029
0.930269
0.801484
0.893964
1.00271
0.846733
0.669776
0.79545
0.976181
0.866092
0.715641
0.870972
1.04926
0.882609
0.67764
0.829636
1.02814
0.872115
0.681494
0.853866
1.04948
0.86524
0.65135
0.818021
1.02385
0.871801
0.698401
0.878563
1.0668
0.890772
0.684877
0.813677
0.969339
0.821608
0.678064
0.853202
1.04235
0.92887
0.781506
0.883827
0.979311
0.815442
0.659242
0.773143
0.924322
0.870801
0.812673
0.941222
1.0382
0.910652
0.761519
0.786947
0.838262
0.776355
0.750763
0.8719
0.979831
0.947512
0.883223
0.880364
0.863944
0.792761
0.757467
0.805432
0.86796
0.893785
0.905306
0.916756
0.902597
0.852845
0.804452
0.799615
0.82465
0.8333
0.840079
0.895037
0.947924
0.903137
0.823795
0.842825
0.887943
0.813712
0.738123
0.843847
0.97345
0.897426
0.784207
0.874325
0.971522
0.831045
0.691878
0.825529
0.983266
0.885205
0.771142
0.893584
0.998518
0.84894
0.706899
0.80901
0.923973
0.847755
0.784419
0.890314
0.967932
0.88299
0.804522
0.84302
0.876089
0.839459
0.825659
0.860027
0.872904
0.860871
0.858399
0.845496
0.826779
0.854262
0.898233
0.881449
0.84668
0.876085
0.902461
0.836633
0.772742
0.820737
0.885744
0.857143
0.828423
0.893636
0.942101
0.877749
0.811119
0.83805
0.868268
0.832547
0.814754
0.860064
0.889031
0.869151
0.854855
0.853623
0.842781
0.853941
0.886692
0.874409
0.83943
0.871281
0.908651
0.831951
0.748521
0.824466
0.928517
0.866081
0.790721
0.903955
1.00488
0.864959
0.717759
0.822279
0.943947
0.831066
0.733267
0.888042
1.01885
0.880167
0.741223
0.838465
0.929388
0.819609
0.746122
0.87397
0.976515
0.900134
0.825314
0.867172
0.8843
0.808803
0.768958
0.821799
0.875626
0.885572
0.895977
0.915106
0.904034
0.857304
0.810546
0.793388
0.803568
0.822427
0.854694
0.914347
0.957992
0.923775
0.85191
0.828905
0.822223
0.761663
0.734194
0.844469
0.96822
0.94447
0.880575
0.928427
0.950901
0.797421
0.667329
0.769449
0.905477
0.847721
0.79217
0.947308
1.06291
0.8967
0.723488
0.824155
0.934384
0.783126
0.666527
0.867181
1.05139
0.896809
0.73658
0.899371
1.03607
0.817262
0.630477
0.834913
1.03118
0.844106
0.677765
0.900952
1.0833
0.848078
0.643918
0.860606
1.05287
0.838515
0.661316
0.885882
1.06095
0.829466
0.639916
0.846421
1.0257
0.847514
0.714403
0.922822
1.07022
0.864956
0.686171
0.819089
0.930474
0.778643
0.690505
0.889328
1.04961
0.932434
0.814791
0.907128
0.9539
0.778354
0.655265
0.784164
0.917311
0.855103
0.812596
0.95352
1.04049
0.897248
0.761962
0.830595
0.892792
0.774481
0.699502
0.844291
0.971213
0.882928
0.804204
0.924818
1.00897
0.862793
0.735639
0.8376
0.923897
0.790355
0.697172
0.854542
0.9901
0.880656
0.790122
0.927093
1.01526
0.849538
0.714122
0.820723
0.908021
0.792339
0.730753
0.883899
0.995857
0.9076
0.833487
0.896442
0.913919
0.808165
0.751102
0.810188
0.861087
0.863386
0.883977
0.909234
0.894235
0.874553
0.862254
0.814325
0.778039
0.832846
0.89902
0.86962
0.836499
0.901991
0.94217
0.850233
0.776632
0.841725
0.896027
0.827738
0.785648
0.866297
0.92087
0.863064
0.828208
0.884996
0.914046
0.862858
0.827445
0.842851
0.84384
0.822978
0.827853
0.852122
0.869339
0.889888
0.904281
0.880948
0.847075
0.848756
0.853967
0.822485
0.806679
0.852468
0.893032
0.869687
0.847607
0.884024
0.905385
0.850489
0.80521
0.845444
0.882382
0.834284
0.802935
0.878379
0.936315
0.865434
0.801346
0.86701
0.91452
0.821149
0.762081
0.87097
0.954154
0.86518
0.795234
0.88017
0.926246
0.815383
0.752324
0.854522
0.929915
0.868112
0.830109
0.895259
0.916458
0.83501
0.78784
0.834091
0.870484
0.850647
0.847728
0.885999
0.898617
0.862362
0.835231
0.847396
0.858209
0.84297
0.837848
0.863233
0.87923
0.86297
0.852541
0.867859
0.872868
0.853048
0.839217
0.839077
0.836511
0.842346
0.863634
0.875071
0.878812
0.900641
0.905867
0.850562
0.796063
0.813274
0.841002
0.814725
0.815781
0.903596
0.961602
0.903598
0.842541
0.868047
0.874058
0.790869
0.751719
0.840415
0.914874
0.872077
0.840075
0.910027
0.940058
0.839104
0.770563
0.84514
0.901856
0.829657
0.791047
0.88724
0.941607
0.850917
0.793365
0.870833
0.915166
0.837942
0.798721
0.871849
0.908505
0.845021
0.8118
0.860795
0.884437
0.845153
0.831052
0.869731
0.890068
0.867288
0.853311
0.867934
0.868647
0.83562
0.813226
0.835658
0.862102
0.850434
0.848059
0.901017
0.932907
0.872274
0.814122
0.851393
0.876914
0.798339
0.760469
0.870331
0.950507
0.87082
0.814156
0.904109
0.941917
0.814865
0.74483
0.85248
0.923816
0.845954
0.81163
0.90361
0.933564
0.832654
0.776501
0.834763
0.873805
0.846108
0.852901
0.912453
0.927435
0.87334
0.825752
0.819052
0.816122
0.804307
0.822011
0.879591
0.921515
0.907142
0.879047
0.882225
0.872016
0.80975
0.774551
0.830419
0.882083
0.846678
0.82953
0.912714
0.956435
0.860661
0.788936
0.858635
0.896451
0.7915
0.748325
0.885901
0.975209
0.877797
0.813415
0.90437
0.925799
0.777797
0.710464
0.839003
0.932704
0.878863
0.863723
0.949951
0.949558
0.816428
0.736409
0.778192
0.822869
0.833802
0.883941
0.95647
0.964698
0.908106
0.842687
0.786277
0.75466
0.780832
0.843095
0.885472
0.913221
0.948785
0.937595
0.844026
0.769161
0.801399
0.848938
0.819598
0.821698
0.936731
0.989418
0.856628
0.754001
0.84799
0.910424
0.778222
0.731023
0.937449
1.04902
0.856374
0.730782
0.892828
0.960823
0.740503
0.65716
0.90786
1.04695
0.862551
0.768692
0.943349
0.988109
0.762882
0.668008
0.847001
0.946452
0.839132
0.814021
0.946941
0.974149
0.838174
0.769059
0.828098
0.855082
0.818691
0.832607
0.897779
0.91737
0.883675
0.857243
0.848509
0.835948
0.824747
0.830476
0.851956
0.871461
0.871884
0.867534
0.883502
0.891069
0.851976
0.819927
0.853172
0.873206
0.810004
0.781771
0.878441
0.94275
0.861157
0.816129
0.923163
0.959813
0.804997
0.723692
0.857222
0.927589
0.796248
0.752862
0.921213
0.992445
0.843692
0.779189
0.911283
0.954058
0.816687
0.762069
0.860121
0.885625
0.799005
0.787892
0.869885
0.908507
0.90389
0.91731
0.904156
0.855612
0.845482
0.836289
0.75632
0.729143
0.858929
0.958058
0.883281
0.843865
0.969083
0.993812
0.789691
0.683206
0.837124
0.921292
0.779967
0.749281
0.957389
1.03494
0.844381
0.751824
0.896439
0.940582
0.774413
0.727033
0.893143
0.958947
0.833418
0.79193
0.9062
0.935396
0.827175
0.79125
0.869264
0.890833
0.829298
0.819616
0.875764
0.893851
0.864837
0.85623
0.866262
0.85618
0.838947
0.83727
0.840627
0.847764
0.868341
0.882023
0.87101
0.860594
0.867114
0.863985
0.843173
0.836459
0.849989
0.855086
0.848638
0.851334
0.861735
0.86815
0.873837
0.8773
0.869277
0.85598
0.845879
0.834483
0.827503
0.836153
0.850194
0.865186
0.893573
0.908373
0.872131
0.83578
0.858642
0.867889
0.801728
0.780885
0.881909
0.935337
0.841423
0.798991
0.910912
0.94622
0.80656
0.758031
0.901736
0.953378
0.812664
0.763941
0.895158
0.930227
0.800031
0.770218
0.898223
0.941873
0.851538
0.827429
0.897967
0.898301
0.817278
0.791769
0.834541
0.852704
0.84259
0.86284
0.904073
0.916145
0.893956
0.865649
0.842309
0.814968
0.78771
0.790976
0.837825
0.888719
0.908822
0.920319
0.934497
0.905349
0.825898
0.77181
0.779968
0.800819
0.815679
0.864687
0.935314
0.960475
0.928906
0.882683
0.83589
0.78744
0.762792
0.778736
0.820912
0.877185
0.935114
0.960761
0.936309
0.886441
0.834405
0.783929
0.754566
0.771255
0.823582
0.884982
0.94027
0.963595
0.931385
0.872409
0.829914
0.792346
0.751166
0.765864
0.857342
0.929186
0.920059
0.906938
0.930845
0.896503
0.782633
0.735934
0.812082
0.868055
0.842731
0.863109
0.954965
0.960941
0.850821
0.791334
0.831656
0.840597
0.79474
0.813884
0.899876
0.927977
0.882111
0.856296
0.865273
0.850322
0.817823
0.822311
0.860656
0.882759
0.873783
0.864598
0.869835
0.859914
0.823791
0.815029
0.86204
0.892955
0.86154
0.84961
0.899988
0.901215
0.810358
0.777388
0.861957
0.898578
0.825933
0.819241
0.925188
0.944669
0.829779
0.789075
0.875601
0.892649
0.799963
0.789905
0.893846
0.921298
0.837337
0.818538
0.898849
0.913561
0.83044
0.809397
0.885188
0.897717
0.80796
0.784946
0.87893
0.912209
0.826716
0.81276
0.927345
0.950083
0.814051
0.767514
0.891107
0.921515
0.781805
0.759961
0.928933
0.970534
0.803371
0.759582
0.922912
0.955507
0.781758
0.751047
0.935048
0.973425
0.7906
0.747065
0.918641
0.949819
0.772955
0.745683
0.932161
0.974009
0.805025
0.771759
0.93233
0.951612
0.782459
0.749897
0.898168
0.92785
0.804892
0.797315
0.922154
0.936706
0.828208
0.802552
0.870391
0.873776
0.816968
0.824842
0.886239
0.899478
0.865416
0.85268
0.863354
0.855885
0.835304
0.838685
0.864037
0.871292
0.850513
0.838697
0.851616
0.858053
0.850722
0.866448
0.902882
0.905856
0.865912
0.831282
0.818212
0.805598
0.803878
0.837937
0.888915
0.920687
0.924835
0.903466
0.859028
0.814136
0.79402
0.798263
0.820536
0.861955
0.90562
0.922225
0.907398
0.876577
0.839369
0.808978
0.803933
0.82093
0.843681
0.874046
0.908626
0.913268
0.876158
0.841728
0.837032
0.829103
0.809088
0.828843
0.892651
0.920286
0.883543
0.855755
0.863384
0.83795
0.777992
0.784166
0.86929
0.921675
0.907609
0.90828
0.927566
0.880195
0.782498
0.743356
0.77767
0.816645
0.853669
0.915484
0.964775
0.959321
0.91769
0.858695
0.786628
0.746804
0.772343
0.814275
0.836412
0.883445
0.956157
0.96546
0.897244
0.850417
0.85186
0.824544
0.769125
0.775428
0.842894
0.880963
0.877646
0.895387
0.927638
0.912634
0.857395
0.822951
0.819147
0.812039
0.804984
0.831092
0.882167
0.911092
0.903131
0.889323
0.880463
0.848734
0.799265
0.788437
0.830398
0.866361
0.871683
0.892537
0.929685
0.91198
0.836859
0.795789
0.814768
0.823584
0.81293
0.850978
0.924484
0.939635
0.88891
0.851196
0.841141
0.814727
0.789234
0.814799
0.871481
0.90611
0.912861
0.902843
0.869378
0.827403
0.808336
0.807976
0.813927
0.848473
0.908194
0.930978
0.896353
0.865461
0.86204
0.83345
0.780768
0.785398
0.854591
0.891989
0.871789
0.879784
0.928838
0.915216
0.827312
0.796963
0.854294
0.858894
0.782804
0.79152
0.91159
0.940404
0.838626
0.829422
0.946535
0.936875
0.774153
0.747554
0.891244
0.907263
0.77168
0.786027
0.953628
0.963817
0.815155
0.799027
0.910461
0.899003
0.790897
0.798364
0.884771
0.887507
0.844797
0.852457
0.865399
0.85486
0.871059
0.879723
0.831782
0.821797
0.894249
0.899722
0.800377
0.794429
0.915846
0.929386
0.80384
0.797005
0.930138
0.92442
0.766729
0.757606
0.915742
0.935684
0.798766
0.809781
0.973869
0.966215
0.776157
0.743276
0.893811
0.894142
0.730399
0.755495
0.977704
1.00895
0.81888
0.801336
0.983407
0.954596
0.702767
0.68264
0.921471
0.945379
0.72551
0.749967
1.02996
1.04061
0.765112
0.743568
0.992313
0.970509
0.681625
0.682257
0.968143
0.985293
0.736261
0.750466
1.00816
0.994451
0.736516
0.731686
0.959061
0.958423
0.753702
0.767222
0.965965
0.954422
0.764321
0.763175
0.927272
0.925461
0.780869
0.79122
0.928267
0.917819
0.788538
0.794461
0.914727
0.92411
0.83856
0.84639
0.919088
0.886585
0.78095
0.763458
0.825401
0.847134
0.840111
0.890624
0.964036
0.96093
0.890618
0.838091
0.817107
0.78097
0.744833
0.777877
0.87036
0.925506
0.916324
0.920143
0.946613
0.90055
0.789673
0.758508
0.827022
0.846489
0.798797
0.837142
0.952919
0.952825
0.835914
0.810886
0.889339
0.872044
0.768125
0.79295
0.930569
0.943973
0.831297
0.821545
0.913883
0.8828
0.747101
0.759001
0.910359
0.93568
0.827906
0.844217
0.974127
0.940669
0.762073
0.744684
0.887461
0.887664
0.754358
0.791926
0.973004
0.973296
0.812354
0.808433
0.941167
0.90885
0.747758
0.757696
0.905308
0.908435
0.797314
0.823383
0.945406
0.929621
0.814959
0.810824
0.886553
0.871082
0.801099
0.82044
0.891341
0.892829
0.852013
0.854168
0.873833
0.858996
0.839039
0.843768
0.850024
0.85474
0.873439
0.876393
0.847107
0.84126
0.875302
0.872221
0.822163
0.828456
0.896294
0.894699
0.818804
0.821838
0.906013
0.898248
0.801874
0.809792
0.913316
0.901804
0.788744
0.799817
0.919886
0.916212
0.806754
0.823457
0.937534
0.911472
0.777054
0.775516
0.885317
0.883375
0.797861
0.839303
0.964562
0.951827
0.828068
0.803975
0.866013
0.833991
0.745128
0.789502
0.929016
0.957004
0.880161
0.876698
0.929888
0.870725
0.740849
0.742851
0.859031
0.886904
0.828471
0.866858
0.974503
0.942838
0.800526
0.785953
0.892015
0.879434
0.76127
0.792005
0.945176
0.931062
0.773386
0.789951
0.959835
0.944174
0.768898
0.792724
0.976405
0.934877
0.716937
0.734504
0.94381
0.931165
0.748416
0.803293
1.02103
0.982543
0.759257
0.75986
0.923062
0.881233
0.715572
0.773854
0.96895
0.968527
0.83526
0.845928
0.9347
0.873101
0.743257
0.75736
0.85759
0.878948
0.861624
0.903189
0.94295
0.909811
0.855957
0.820925
0.784412
0.780123
0.83691
0.872413
0.851017
0.880747
0.966028
0.93883
0.805481
0.789659
0.891185
0.864865
0.734041
0.777598
0.954313
0.951055
0.80565
0.830813
0.972335
0.917043
0.73685
0.753449
0.906024
0.897915
0.789846
0.842336
0.975013
0.936343
0.797063
0.788324
0.864694
0.846684
0.788043
0.840875
0.941749
0.935699
0.85736
0.837802
0.86036
0.828128
0.776393
0.812357
0.903185
0.921828
0.873286
0.871916
0.907323
0.862678
0.768883
0.778081
0.870793
0.881961
0.824902
0.860917
0.955446
0.927934
0.817509
0.815494
0.887919
0.856535
0.767908
0.794543
0.886812
0.886487
0.839217
0.872161
0.932623
0.914956
0.862338
0.846251
0.835473
0.805227
0.794447
0.809654
0.829043
0.870434
0.929212
0.943049
0.905447
0.879802
0.866093
0.815533
0.762737
0.775846
0.829789
0.869144
0.90084
0.927588
0.917467
0.884017
0.86014
0.821679
0.771917
0.791489
0.876008
0.903548
0.864456
0.879761
0.931314
0.878652
0.767225
0.775969
0.873549
0.884681
0.836828
0.878528
0.952423
0.903818
0.793967
0.782782
0.837718
0.839383
0.824084
0.879082
0.946201
0.929663
0.865126
0.831874
0.820341
0.796868
0.790407
0.831279
0.88727
0.915291
0.915245
0.90288
0.877856
0.840489
0.809476
0.804616
0.822737
0.843801
0.859545
0.878244
0.895063
0.888775
0.864495
0.856262
0.865052
0.853591
0.826055
0.831482
0.863288
0.860248
0.830904
0.847201
0.894956
0.887144
0.839367
0.849415
0.897777
0.876843
0.812236
0.823366
0.88258
0.864755
0.803569
0.831293
0.910052
0.900194
0.836278
0.85314
0.910119
0.873133
0.79034
0.804743
0.877594
0.872324
0.824285
0.858642
0.928317
0.899071
0.815013
0.818442
0.878282
0.860173
0.80071
0.838432
0.92663
0.905055
0.81398
0.826174
0.905417
0.873449
0.778253
0.817378
0.933983
0.905485
0.788181
0.819748
0.939417
0.897734
0.766653
0.811841
0.952748
0.907915
0.761623
0.804438
0.948509
0.900673
0.755998
0.809176
0.958778
0.910232
0.765812
0.811426
0.945377
0.899335
0.77641
0.823172
0.936281
0.89332
0.790617
0.818193
0.891501
0.864401
0.815846
0.851262
0.899667
0.890126
0.870247
0.862862
0.838031
0.823763
0.84616
0.847609
0.820787
0.854167
0.928213
0.908942
0.822396
0.832173
0.906584
0.867095
0.766266
0.807855
0.92656
0.896507
0.787518
0.833799
0.955286
0.910874
0.786441
0.821213
0.924786
0.869585
0.755325
0.801905
0.915354
0.897706
0.83089
0.870628
0.930358
0.883878
0.811731
0.814076
0.837949
0.833708
0.842359
0.868613
0.875445
0.882087
0.901602
0.88143
0.828663
0.830297
0.87201
0.850272
0.794119
0.823112
0.897641
0.886676
0.833591
0.867798
0.933731
0.89622
0.812037
0.817723
0.866149
0.838107
0.788434
0.832527
0.911769
0.903161
0.849297
0.863321
0.905643
0.868446
0.800414
0.825452
0.89762
0.876429
0.802276
0.826474
0.903384
0.86734
0.77994
0.834163
0.957698
0.927665
0.812979
0.842355
0.934194
0.856989
0.719139
0.776225
0.923097
0.901919
0.807153
0.869983
0.977668
0.903129
0.764761
0.794329
0.896792
0.866281
0.792238
0.855192
0.953488
0.903336
0.795144
0.808152
0.873295
0.841455
0.789777
0.854455
0.948908
0.930999
0.862951
0.858119
0.864665
0.810284
0.76467
0.796274
0.854263
0.889725
0.918734
0.933693
0.908607
0.868343
0.835997
0.792101
0.758219
0.792809
0.86971
0.908093
0.912525
0.93187
0.933031
0.866731
0.78523
0.763988
0.787707
0.811894
0.848922
0.914267
0.963949
0.950735
0.893087
0.840087
0.801326
0.762383
0.749229
0.803419
0.892722
0.938222
0.936323
0.940998
0.93238
0.852232
0.754644
0.745776
0.799813
0.820266
0.831135
0.906568
0.983366
0.954666
0.871402
0.846839
0.850617
0.797138
0.742281
0.78789
0.877602
0.892
0.867798
0.910978
0.966917
0.911596
0.806538
0.802589
0.852171
0.808898
0.742478
0.81977
0.952399
0.936422
0.84589
0.881574
0.955399
0.86582
0.730869
0.781761
0.907076
0.873191
0.784404
0.8541
0.961244
0.895604
0.78323
0.831782
0.926759
0.880268
0.797195
0.837687
0.901648
0.856166
0.79748
0.837545
0.895008
0.883049
0.858924
0.869456
0.869968
0.848528
0.842061
0.84248
0.83478
0.851482
0.884159
0.871409
0.833959
0.851228
0.893644
0.875226
0.834706
0.855822
0.888079
0.850722
0.801534
0.820267
0.860943
0.86471
0.867589
0.895382
0.90534
0.883378
0.859027
0.831134
0.799949
0.807865
0.850608
0.862254
0.850631
0.885736
0.930951
0.89167
0.818914
0.829765
0.876499
0.846381
0.799401
0.845782
0.911106
0.879242
0.820439
0.842827
0.885195
0.861317
0.832088
0.865953
0.901551
0.876292
0.83571
0.830579
0.836686
0.828161
0.83086
0.867785
0.909423
0.910318
0.878213
0.861692
0.856885
0.81267
0.763215
0.806467
0.901235
0.90473
0.852766
0.900537
0.974257
0.879382
0.727983
0.774511
0.905978
0.850343
0.741799
0.860217
1.02841
0.931802
0.755489
0.82581
0.962037
0.857445
0.709641
0.817279
0.97556
0.889754
0.750486
0.831633
0.957129
0.881627
0.774031
0.857653
0.968469
0.890728
0.770167
0.812567
0.895096
0.834687
0.756908
0.845476
0.97063
0.926018
0.822637
0.867836
0.946842
0.845125
0.703847
0.77901
0.929005
0.873423
0.760689
0.881257
1.04965
0.935499
0.737186
0.811206
0.956671
0.823435
0.646882
0.794409
1.01691
0.933153
0.774618
0.88957
1.03385
0.880051
0.683712
0.772318
0.923978
0.851888
0.756402
0.87127
0.992601
0.906925
0.792016
0.831903
0.891736
0.8464
0.811717
0.863136
0.898234
0.872921
0.852575
0.836787
0.805599
0.826259
0.894346
0.887602
0.832229
0.884704
0.968161
0.872851
0.723163
0.793912
0.94169
0.859912
0.723331
0.858117
1.0422
0.9134
0.714272
0.824354
0.995868
0.862135
0.687447
0.825947
1.0058
0.886724
0.727366
0.836966
0.976736
0.880095
0.766411
0.858602
0.956511
0.871243
0.771678
0.813627
0.871031
0.836894
0.816138
0.882781
0.941671
0.918894
0.870945
0.853054
0.835795
0.793745
0.772215
0.814139
0.879199
0.902223
0.897898
0.916007
0.923352
0.861077
0.787385
0.797424
0.844816
0.833613
0.815703
0.879947
0.945583
0.901403
0.8275
0.841981
0.875143
0.827775
0.785455
0.849095
0.925763
0.900712
0.846628
0.864889
0.88626
0.822862
0.763134
0.816612
0.901326
0.892596
0.855746
0.903245
0.948436
0.864879
0.761159
0.798879
0.878817
0.836628
0.780064
0.870403
0.97147
0.901627
0.800849
0.855938
0.930209
0.850894
0.763002
0.831235
0.912384
0.855277
0.793348
0.85564
0.919881
0.879578
0.836849
0.866861
0.885866
0.849884
0.825668
0.834918
0.840826
0.852318
0.879124
0.878935
0.856357
0.869393
0.890294
0.847321
0.795956
0.831094
0.888555
0.865585
0.830917
0.879097
0.923927
0.867686
0.801415
0.825776
0.864982
0.840293
0.825224
0.878378
0.921418
0.895812
0.857642
0.848418
0.835642
0.810705
0.808876
0.834357
0.863681
0.891089
0.910512
0.905444
0.882673
0.861288
0.839105
0.815915
0.808318
0.815109
0.82637
0.855492
0.895547
0.902996
0.88719
0.903947
0.919782
0.855353
0.772733
0.789841
0.842991
0.811046
0.783664
0.887459
0.993734
0.941424
0.849922
0.871907
0.89211
0.792646
0.718785
0.794315
0.88807
0.886697
0.879402
0.922549
0.929034
0.8702
0.822228
0.809124
0.805538
0.826083
0.868049
0.882597
0.875049
0.889495
0.895795
0.849781
0.806322
0.823649
0.854435
0.850952
0.852312
0.88344
0.899975
0.881096
0.859305
0.848567
0.836669
0.828684
0.833099
0.841024
0.850761
0.869098
0.88491
0.884146
0.875682
0.870051
0.860026
0.842828
0.831287
0.832767
0.841263
0.85116
0.862087
0.872369
0.876322
0.86997
0.859256
0.854752
0.855566
0.853889
0.853802
0.861226
0.864375
0.853434
0.841238
0.839089
0.841869
0.850324
0.867768
0.879614
0.879173
0.882655
0.882603
0.85197
0.817412
0.829051
0.856045
0.840229
0.822481
0.863203
0.903784
0.874847
