0.847891
0.884038
0.886063
0.837205
0.836689
0.856115
0.826369
0.831616
0.870334
0.883532
0.879495
0.8795
0.865706
0.846664
0.839391
0.840781
0.852207
0.864695
0.861035
0.854839
0.854814
0.854151
0.856835
0.868525
0.875591
0.869424
0.858094
0.847993
0.835771
0.829605
0.845533
0.862846
0.869567
0.880142
0.888478
0.872525
0.849324
0.840501
0.831472
0.830722
0.845431
0.861918
0.884633
0.894498
0.87061
0.852209
0.852897
0.822998
0.816963
0.868647
0.893442
0.880068
0.88055
0.868987
0.821571
0.805446
0.818382
0.861069
0.921443
0.92376
0.881478
0.886047
0.850374
0.740733
0.792629
0.889573
0.866451
0.887623
0.964532
0.939424
0.812467
0.810132
0.835222
0.782736
0.826893
0.904154
0.905692
0.888678
0.902271
0.884783
0.845206
0.819862
0.803081
0.819105
0.851543
0.866835
0.892062
0.917467
0.897256
0.849883
0.833045
0.82046
0.815179
0.844345
0.876482
0.894409
0.896871
0.866687
0.838751
0.843795
0.83183
0.8237
0.879963
0.903941
0.859274
0.852811
0.877307
0.829829
0.80827
0.867808
0.883057
0.855253
0.873163
0.887638
0.847988
0.833398
0.842591
0.84848
0.865164
0.862649
0.851561
0.880402
0.881155
0.834331
0.856131
0.898821
0.828156
0.804625
0.872368
0.864112
0.821984
0.903286
0.95023
0.864502
0.82175
0.849584
0.804563
0.78541
0.878328
0.921303
0.887576
0.884826
0.896745
0.824922
0.778671
0.850559
0.875025
0.839995
0.888658
0.936398
0.836682
0.793215
0.87549
0.863409
0.79945
0.903437
0.96413
0.845296
0.80997
0.87299
0.81444
0.773438
0.887182
0.929762
0.877311
0.884753
0.909621
0.833885
0.776243
0.831346
0.849878
0.836952
0.890702
0.933662
0.865957
0.828678
0.880907
0.861971
0.783589
0.870212
0.928753
0.798357
0.818053
0.945509
0.879976
0.760694
0.925492
0.982336
0.749095
0.805965
0.958338
0.815752
0.782971
0.970387
0.987802
0.78335
0.836242
0.925691
0.771858
0.791705
0.922007
0.913415
0.853468
0.891534
0.886232
0.828213
0.824416
0.831954
0.861815
0.903439
0.846422
0.822062
0.891076
0.86759
0.784132
0.910506
0.99648
0.817373
0.789387
0.917175
0.811577
0.726291
0.951167
1.02571
0.801268
0.849828
0.992284
0.806746
0.697437
0.928703
0.933334
0.7359
0.917341
1.04468
0.836332
0.761392
0.914407
0.860926
0.704967
0.88591
0.960644
0.832479
0.854165
0.94834
0.874832
0.750582
0.857718
0.880043
0.786732
0.863054
0.957812
0.866845
0.798594
0.899784
0.889509
0.764302
0.866402
0.964015
0.827074
0.803083
0.91547
0.870018
0.757887
0.891157
0.950299
0.834745
0.834848
0.895911
0.841292
0.799217
0.861642
0.877386
0.867229
0.868269
0.851465
0.853557
0.863794
0.833373
0.85142
0.899049
0.868844
0.818174
0.859408
0.860919
0.82443
0.858209
0.897165
0.873644
0.853332
0.85321
0.839691
0.838982
0.853998
0.867383
0.888231
0.88515
0.845869
0.829746
0.838079
0.823971
0.845197
0.899864
0.911929
0.880853
0.869078
0.854731
0.797628
0.799758
0.853832
0.874253
0.87908
0.909702
0.905329
0.848375
0.828695
0.846561
0.83782
0.83345
0.864535
0.865159
0.842156
0.860919
0.89279
0.881305
0.865507
0.872962
0.842222
0.793246
0.822344
0.868683
0.868718
0.889235
0.920002
0.88796
0.823675
0.830165
0.839557
0.814433
0.845507
0.892537
0.878186
0.858715
0.89652
0.894451
0.8357
0.826439
0.842204
0.800337
0.819585
0.899839
0.919927
0.889288
0.903594
0.904316
0.80018
0.767329
0.831429
0.831281
0.834952
0.935201
0.971525
0.889329
0.851544
0.866661
0.789741
0.742863
0.843791
0.88122
0.869717
0.930033
0.971999
0.893041
0.796447
0.813118
0.78726
0.774402
0.876028
0.940733
0.923433
0.907528
0.896857
0.835888
0.775595
0.800616
0.8416
0.867795
0.905189
0.927647
0.888986
0.82404
0.824381
0.820765
0.807502
0.875716
0.939152
0.899512
0.851362
0.869814
0.825078
0.764211
0.838396
0.900449
0.894605
0.907384
0.916043
0.86818
0.811333
0.785943
0.800852
0.86105
0.896106
0.895896
0.920401
0.92139
0.819715
0.778603
0.836018
0.825179
0.820647
0.93699
0.977702
0.86473
0.830268
0.871396
0.776206
0.748356
0.902564
0.934944
0.846533
0.906663
0.971724
0.829173
0.741766
0.868639
0.847099
0.767685
0.89994
0.961996
0.853747
0.850268
0.906273
0.873292
0.82802
0.838438
0.826129
0.833148
0.84081
0.83822
0.900963
0.945543
0.873464
0.843236
0.882241
0.827755
0.761287
0.856224
0.89116
0.846847
0.876138
0.913207
0.864853
0.822569
0.858203
0.85907
0.839351
0.856168
0.869545
0.844354
0.837374
0.862849
0.864537
0.851593
0.885366
0.908491
0.841655
0.822498
0.870252
0.829088
0.779752
0.899181
0.939513
0.835761
0.858257
0.927389
0.830679
0.754879
0.88276
0.891667
0.810065
0.87737
0.929037
0.840433
0.818295
0.875023
0.864773
0.841622
0.856628
0.850613
0.852377
0.855911
0.839934
0.878293
0.919045
0.853282
0.811479
0.87229
0.840364
0.776443
0.894275
0.963951
0.8508
0.837354
0.908868
0.831047
0.738392
0.885806
0.931723
0.83676
0.871712
0.93206
0.828953
0.75589
0.872754
0.887401
0.831744
0.893026
0.932969
0.829592
0.789386
0.85908
0.852547
0.831597
0.901812
0.927785
0.843855
0.822025
0.857232
0.835253
0.825792
0.895326
0.907575
0.848065
0.842043
0.860994
0.828606
0.829084
0.886802
0.892735
0.858114
0.858162
0.858632
0.82257
0.82918
0.868174
0.876306
0.8675
0.878616
0.875208
0.83248
0.828356
0.857679
0.851644
0.843642
0.889727
0.894824
0.838975
0.847386
0.882419
0.839193
0.814298
0.880215
0.871958
0.814742
0.863112
0.909651
0.852797
0.845566
0.900095
0.86375
0.789859
0.840922
0.876473
0.830033
0.867144
0.928013
0.889059
0.824726
0.868237
0.868655
0.79747
0.838255
0.895456
0.846384
0.827275
0.901737
0.89701
0.836786
0.867289
0.892631
0.81836
0.802904
0.851338
0.846011
0.84634
0.899678
0.919944
0.890803
0.865669
0.832798
0.807772
0.814425
0.815897
0.858365
0.925883
0.924678
0.871969
0.881185
0.876012
0.766408
0.792845
0.883421
0.861331
0.844239
0.941913
0.943848
0.816135
0.81732
0.862268
0.807674
0.819773
0.907016
0.910374
0.865648
0.86386
0.851828
0.818715
0.825964
0.838014
0.87106
0.906965
0.875367
0.836932
0.888164
0.869329
0.78954
0.852185
0.906204
0.807435
0.820963
0.921176
0.890134
0.819351
0.905594
0.936291
0.800431
0.794158
0.858151
0.805766
0.805501
0.932087
0.961076
0.888128
0.874579
0.874837
0.779425
0.750572
0.844403
0.876227
0.879772
0.932676
0.947102
0.852817
0.794297
0.837071
0.820209
0.808417
0.895929
0.926402
0.842329
0.844731
0.894186
0.853885
0.821621
0.903506
0.904057
0.798287
0.819861
0.870326
0.814823
0.839801
0.947302
0.944856
0.84954
0.849986
0.852903
0.755497
0.792277
0.885761
0.901297
0.899833
0.924988
0.901512
0.830133
0.796811
0.7914
0.837621
0.894615
0.882959
0.884541
0.918964
0.862655
0.777556
0.847719
0.890341
0.832153
0.871383
0.923041
0.867421
0.811179
0.836619
0.834679
0.847016
0.868313
0.871538
0.913594
0.928729
0.822695
0.808864
0.871059
0.784891
0.758081
0.934743
0.965747
0.853377
0.897123
0.952903
0.809353
0.715126
0.833151
0.832408
0.837676
0.944129
0.984531
0.918262
0.855513
0.821205
0.770941
0.777651
0.820526
0.880263
0.946491
0.953071
0.897031
0.870706
0.84828
0.759985
0.784008
0.867412
0.87195
0.862664
0.910634
0.908612
0.833959
0.840682
0.880282
0.859139
0.835184
0.85631
0.834434
0.80636
0.849658
0.900661
0.909099
0.907882
0.904484
0.847105
0.779584
0.788474
0.833314
0.872569
0.917574
0.938866
0.906608
0.846349
0.802255
0.789448
0.821298
0.867381
0.900248
0.918427
0.907355
0.851738
0.808771
0.815081
0.81509
0.837951
0.907728
0.937273
0.891335
0.864891
0.854772
0.789472
0.767778
0.857232
0.895056
0.889159
0.922938
0.935881
0.846631
0.7714
0.825711
0.817543
0.809943
0.906205
0.949059
0.865127
0.847633
0.903009
0.847396
0.779172
0.866036
0.891231
0.801859
0.854032
0.925773
0.87492
0.838189
0.915212
0.896418
0.779161
0.815191
0.866556
0.820402
0.857738
0.951709
0.93032
0.833722
0.84212
0.849506
0.76956
0.824347
0.918591
0.89476
0.842501
0.893527
0.890757
0.788747
0.83797
0.916044
0.868201
0.822404
0.888455
0.856245
0.779814
0.853236
0.916505
0.883295
0.87597
0.909777
0.858146
0.794427
0.811715
0.838097
0.863625
0.892537
0.892077
0.889098
0.881741
0.822507
0.796736
0.858139
0.852509
0.831111
0.901355
0.929795
0.842019
0.826952
0.873288
0.822381
0.79494
0.883598
0.912713
0.86887
0.880622
0.890216
0.831864
0.795926
0.829767
0.851167
0.870712
0.903234
0.911319
0.877007
0.835186
0.818727
0.810636
0.82588
0.875554
0.907748
0.89014
0.87356
0.871458
0.82966
0.803409
0.862322
0.891357
0.844372
0.865972
0.899886
0.824114
0.787408
0.907311
0.912195
0.820962
0.888036
0.940787
0.786285
0.751304
0.904001
0.860551
0.793307
0.947597
0.997999
0.815006
0.793907
0.904054
0.808253
0.751779
0.913281
0.935529
0.835999
0.87723
0.922581
0.859583
0.822171
0.852908
0.836931
0.828849
0.838404
0.849613
0.898885
0.919544
0.859737
0.861235
0.88893
0.799517
0.760119
0.896092
0.897937
0.82156
0.910072
0.965987
0.815126
0.761366
0.906538
0.849133
0.766648
0.924759
0.972822
0.796105
0.823632
0.939805
0.84499
0.759807
0.904031
0.916795
0.788527
0.859104
0.933143
0.859407
0.827189
0.91064
0.880281
0.791
0.827916
0.860884
0.834651
0.869474
0.925438
0.907174
0.855788
0.843045
0.826246
0.791273
0.828715
0.885203
0.888948
0.880981
0.9056
0.88838
0.809806
0.820748
0.859079
0.826175
0.831169
0.905465
0.891333
0.839128
0.867427
0.886014
0.844984
0.841848
0.866637
0.84947
0.836934
0.836894
0.8412
0.876607
0.885002
0.862521
0.88665
0.899973
0.825267
0.798395
0.865812
0.834676
0.806902
0.900277
0.930765
0.838492
0.854561
0.916226
0.842457
0.779547
0.873601
0.884459
0.804345
0.873308
0.936287
0.858551
0.81662
0.905024
0.87051
0.782742
0.858943
0.906128
0.834872
0.84527
0.917054
0.871156
0.812234
0.847677
0.858005
0.839671
0.864917
0.877442
0.878719
0.87648
0.829192
0.817015
0.877726
0.852338
0.815956
0.898639
0.921717
0.808043
0.839933
0.920424
0.841337
0.77952
0.882239
0.881725
0.808364
0.884674
0.94643
0.886548
0.837766
0.862757
0.816022
0.779546
0.840342
0.889986
0.900613
0.912634
0.907524
0.862716
0.820393
0.811717
0.826341
0.850665
0.873013
0.880387
0.866838
0.850877
0.855456
0.865848
0.86881
0.879642
0.876055
0.834959
0.803923
0.8209
0.842604
0.873736
0.915314
0.92471
0.886341
0.835117
0.799492
0.796663
0.835035
0.879552
0.911896
0.928422
0.893426
0.820684
0.807864
0.824966
0.821717
0.87254
0.934667
0.905568
0.839868
0.847825
0.842334
0.794044
0.847403
0.906625
0.879355
0.850841
0.874863
0.858684
0.823615
0.850629
0.87202
0.862627
0.856505
0.844842
0.845773
0.868364
0.862223
0.857635
0.894207
0.879092
0.799839
0.828793
0.872498
0.83618
0.857694
0.945617
0.914338
0.810816
0.829243
0.840607
0.778144
0.845142
0.941626
0.924472
0.86864
0.882488
0.855124
0.748868
0.800002
0.879742
0.869847
0.87851
0.940085
0.914539
0.801586
0.817172
0.854412
0.813365
0.83866
0.923177
0.895947
0.833072
0.857954
0.869051
0.827054
0.847349
0.890215
0.867848
0.841066
0.846189
0.844671
0.852341
0.8698
0.871221
0.881843
0.876805
0.816499
0.809893
0.870858
0.852447
0.841034
0.920273
0.927096
0.802275
0.817713
0.882048
0.807512
0.805559
0.930803
0.927204
0.826024
0.864742
0.894788
0.81537
0.810723
0.884071
0.868466
0.844249
0.867985
0.870967
0.852497
0.858085
0.867731
0.864168
0.854694
0.843373
0.835298
0.833515
0.856793
0.888681
0.887389
0.873357
0.880886
0.849322
0.784558
0.827583
0.877054
0.852602
0.871875
0.940058
0.897195
0.807748
0.843357
0.861948
0.796787
0.832724
0.902812
0.867938
0.842869
0.902546
0.907201
0.825616
0.832341
0.862197
0.80385
0.80872
0.907397
0.918779
0.859311
0.88203
0.888773
0.798645
0.792182
0.88226
0.884748
0.867313
0.896484
0.881181
0.807273
0.799901
0.839104
0.869334
0.901244
0.91108
0.890155
0.861214
0.815154
0.789305
0.829016
0.867952
0.879135
0.898076
0.901911
0.873789
0.849953
0.830501
0.82539
0.858054
0.848431
0.826735
0.88467
0.909675
0.828038
0.845338
0.944821
0.854395
0.7636
0.904289
0.917521
0.730078
0.862935
1.00282
0.824739
0.757778
0.992337
0.960293
0.695428
0.887956
1.01365
0.726285
0.757158
1.05448
0.938778
0.738108
0.950607
1.01997
0.715482
0.76962
0.965404
0.823706
0.782115
0.970331
0.974329
0.785393
0.834215
0.900241
0.808813
0.804986
0.882814
0.877436
0.863545
0.862776
0.849705
0.882729
0.890426
0.81229
0.85399
0.917361
0.799005
0.765138
0.930208
0.9079
0.787648
0.927658
1.01685
0.827961
0.759645
0.935144
0.824273
0.734583
0.934872
0.982674
0.815493
0.856766
0.989858
0.852966
0.744667
0.869357
0.874569
0.791789
0.882617
0.948061
0.875403
0.831454
0.871454
0.838632
0.79236
0.854309
0.89783
0.874921
0.879468
0.911451
0.855712
0.78111
0.826525
0.854055
0.818914
0.894314
0.984898
0.915792
0.806254
0.852121
0.825618
0.716896
0.86573
0.980341
0.898221
0.857875
0.954179
0.886332
0.685429
0.830069
0.91463
0.809549
0.872137
1.01252
0.916133
0.742789
0.850258
0.885454
0.781495
0.874077
0.98233
0.871283
0.770953
0.85204
0.854725
0.815598
0.910812
0.969642
0.88826
0.807942
0.809626
0.78919
0.818397
0.89535
0.93694
0.933575
0.895563
0.82124
0.788087
0.809907
0.820347
0.867973
0.935752
0.920761
0.847532
0.850644
0.853969
0.804798
0.829738
0.900333
0.876002
0.842506
0.877167
0.875915
0.814697
0.836366
0.887947
0.855421
0.844706
0.901492
0.892889
0.806039
0.830407
0.861907
0.807452
0.835174
0.935151
0.925584
0.845177
0.870772
0.872003
0.765686
0.792678
0.906786
0.887509
0.860896
0.922794
0.914695
0.785872
0.795095
0.871298
0.833113
0.846405
0.931618
0.920552
0.821976
0.83204
0.850632
0.808432
0.833725
0.898395
0.900759
0.87713
0.872672
0.852264
0.825324
0.825381
0.843105
0.864636
0.879859
0.882027
0.871592
0.849031
0.837232
0.84891
0.842947
0.849469
0.891778
0.888058
0.822812
0.848165
0.878659
0.811864
0.824388
0.927273
0.903631
0.81311
0.877698
0.899864
0.775302
0.805135
0.929104
0.876946
0.83543
0.919022
0.918636
0.784268
0.800542
0.871637
0.817555
0.839228
0.943695
0.940117
0.835666
0.850459
0.872265
0.773567
0.790786
0.907006
0.896485
0.854738
0.911713
0.92151
0.82258
0.807676
0.869474
0.834249
0.825911
0.884966
0.892585
0.850272
0.862753
0.883998
0.848277
0.831099
0.853981
0.852554
0.841734
0.870376
0.886177
0.867418
0.851226
0.842736
0.832922
0.845354
0.859574
0.872782
0.895822
0.880351
0.817377
0.834941
0.865309
0.823213
0.845677
0.929288
0.891245
0.79663
0.861366
0.887683
0.798597
0.847678
0.954874
0.881593
0.801392
0.867324
0.861819
0.775972
0.855117
0.932376
0.882687
0.853255
0.890882
0.85721
0.778565
0.824683
0.863286
0.850715
0.877474
0.919222
0.897406
0.849352
0.83758
0.822253
0.815066
0.838855
0.863266
0.892823
0.907891
0.872767
0.846665
0.866953
0.839962
0.804645
0.865912
0.887569
0.822114
0.84262
0.91448
0.864367
0.835956
0.898017
0.892755
0.806123
0.820189
0.858463
0.835749
0.858877
0.907238
0.902387
0.869019
0.838032
0.806957
0.826311
0.851173
0.847689
0.904529
0.958411
0.879203
0.80562
0.856094
0.821374
0.748178
0.879526
0.956338
0.868323
0.865934
0.955876
0.879538
0.725425
0.835326
0.8687
0.760506
0.868733
1.00949
0.915144
0.823225
0.906766
0.896776
0.731202
0.803909
0.894177
0.804476
0.837162
0.968094
0.950242
0.823201
0.881012
0.922872
0.758619
0.755269
0.895509
0.853931
0.840719
0.965292
1.00138
0.84746
0.802126
0.88365
0.76623
0.764089
0.937006
0.954407
0.819266
0.893484
1.00192
0.808179
0.745003
0.921475
0.88663
0.737538
0.913759
1.01102
0.785835
0.795315
0.98654
0.887785
0.728109
0.924144
0.979729
0.713421
0.816586
1.01764
0.847642
0.780202
0.970378
0.977175
0.721586
0.823989
0.95228
0.763757
0.800243
0.987848
0.956873
0.783528
0.894108
0.953963
0.741826
0.755216
0.916797
0.86485
0.849619
0.971983
0.997432
0.836148
0.781518
0.837877
0.768946
0.815589
0.937407
0.958858
0.898936
0.880677
0.860369
0.781249
0.786623
0.854719
0.891543
0.90552
0.915182
0.89106
0.832097
0.801183
0.822105
0.833969
0.854988
0.91444
0.928095
0.855297
0.838989
0.885003
0.800559
0.787025
0.916603
0.924908
0.799888
0.876032
0.963824
0.7879
0.776488
0.937357
0.90419
0.779017
0.910808
0.96938
0.785357
0.783833
0.908613
0.84543
0.813485
0.918706
0.930787
0.833917
0.836426
0.875316
0.837118
0.838222
0.866729
0.864776
0.858796
0.845118
0.832889
0.870694
0.889904
0.858618
0.870487
0.900437
0.828851
0.791535
0.85748
0.865226
0.830873
0.895472
0.935239
0.860018
0.824125
0.857772
0.838302
0.817446
0.866289
0.882123
0.861912
0.854021
0.844304
0.854962
0.884712
0.863302
0.855044
0.894141
0.848984
0.754667
0.851613
0.905899
0.823417
0.873012
0.979578
0.883862
0.738782
0.866503
0.88973
0.755296
0.878768
1.0096
0.871212
0.776775
0.884258
0.857235
0.748785
0.884365
0.966122
0.879977
0.844478
0.877434
0.824041
0.773318
0.836921
0.879786
0.891202
0.908286
0.906855
0.862081
0.808344
0.797295
0.815145
0.848191
0.908697
0.955961
0.921106
0.846922
0.826054
0.780193
0.73847
0.868533
0.962686
0.924473
0.900935
0.939455
0.851647
0.674089
0.811737
0.879859
0.810675
0.912722
1.0331
0.928359
0.7364
0.85737
0.867329
0.684455
0.872497
1.05502
0.878941
0.799128
0.95824
0.926266
0.641622
0.859174
1.00984
0.782214
0.820062
1.01432
0.919614
0.668635
0.903988
1.00566
0.745758
0.834924
1.01772
0.854987
0.705457
0.920219
0.942332
0.74522
0.902898
1.0484
0.870507
0.733302
0.875513
0.825007
0.70654
0.917181
1.03292
0.903506
0.854038
0.930587
0.835598
0.67021
0.828689
0.888979
0.827151
0.919265
1.01773
0.92431
0.767624
0.847171
0.840068
0.713313
0.847802
0.965648
0.86602
0.852266
0.961826
0.935319
0.763935
0.837441
0.911259
0.752336
0.805322
0.954862
0.897809
0.800738
0.939664
0.99
0.79645
0.787617
0.892359
0.788567
0.785157
0.932253
0.95363
0.860771
0.882166
0.911678
0.802495
0.774697
0.840532
0.862824
0.881762
0.909113
0.891952
0.871317
0.840794
0.788661
0.828859
0.897654
0.862858
0.86077
0.920426
0.889174
0.789593
0.843029
0.885674
0.811786
0.833323
0.904569
0.872315
0.830368
0.889721
0.900127
0.846947
0.837394
0.843673
0.823182
0.833743
0.859146
0.880546
0.899366
0.885975
0.848549
0.849454
0.843999
0.813904
0.840586
0.887843
0.869268
0.854547
0.890735
0.880918
0.820766
0.839634
0.882195
0.827988
0.833711
0.908076
0.891792
0.811196
0.867521
0.903682
0.799899
0.826102
0.926863
0.883508
0.797795
0.887451
0.896317
0.781457
0.830351
0.919212
0.868121
0.842463
0.901609
0.881534
0.803694
0.828607
0.86977
0.850028
0.86208
0.892265
0.875594
0.840102
0.847429
0.855598
0.841127
0.851481
0.874156
0.865642
0.852641
0.86865
0.866713
0.84626
0.839122
0.836826
0.843695
0.866131
0.876416
0.889408
0.903736
0.864859
0.797154
0.818905
0.830365
0.815392
0.88374
0.951593
0.90806
0.845125
0.869559
0.837681
0.761966
0.836492
0.91252
0.865377
0.865888
0.923629
0.881619
0.781588
0.847084
0.890625
0.815043
0.846163
0.923103
0.869186
0.796499
0.878797
0.892198
0.817746
0.850101
0.901735
0.845983
0.821783
0.869205
0.864443
0.835227
0.864582
0.889935
0.86521
0.85792
0.868267
0.847424
0.816306
0.837268
0.85949
0.849482
0.876969
0.921214
0.887172
0.816154
0.85489
0.852973
0.776184
0.846866
0.939001
0.87148
0.831928
0.915128
0.890059
0.766184
0.842431
0.923554
0.839583
0.84614
0.917581
0.872745
0.784261
0.837351
0.867778
0.8488
0.884563
0.921704
0.887469
0.828856
0.818596
0.811554
0.815219
0.866829
0.916216
0.907516
0.879397
0.879706
0.845632
0.785512
0.825601
0.880147
0.842551
0.863261
0.933622
0.900689
0.80245
0.858044
0.883686
0.773917
0.834738
0.947308
0.898046
0.813829
0.906679
0.892699
0.740252
0.815515
0.924062
0.878247
0.879281
0.949859
0.905223
0.766937
0.775017
0.824416
0.849922
0.914292
0.960255
0.934842
0.86378
0.790438
0.76094
0.810853
0.870059
0.906072
0.941886
0.939047
0.840686
0.779828
0.827369
0.826929
0.821631
0.93869
0.982074
0.830665
0.802409
0.888365
0.795191
0.768257
0.962085
1.00794
0.800305
0.838857
0.942552
0.740336
0.752195
0.965821
0.963713
0.798228
0.909051
0.980256
0.753826
0.751641
0.904663
0.869422
0.81559
0.947003
0.969598
0.821109
0.799061
0.846803
0.822294
0.838875
0.901806
0.907029
0.871726
0.851785
0.838265
0.824892
0.835282
0.859535
0.871688
0.868899
0.880687
0.890671
0.84802
0.830888
0.862994
0.829908
0.783103
0.884219
0.929301
0.845665
0.870003
0.94384
0.847944
0.731947
0.872073
0.883352
0.769051
0.884272
0.978479
0.85044
0.805648
0.923444
0.900704
0.780815
0.846249
0.885414
0.796273
0.826141
0.892667
0.905302
0.914475
0.905581
0.855056
0.843273
0.797732
0.733645
0.861026
0.952791
0.874923
0.88716
0.97819
0.897612
0.698905
0.842802
0.895769
0.765187
0.882227
1.00641
0.895179
0.755548
0.902382
0.900659
0.747587
0.85436
0.947455
0.833553
0.818054
0.915594
0.887567
0.80273
0.858305
0.890519
0.827435
0.841295
0.88512
0.874778
0.857763
0.866044
0.853612
0.838374
0.839062
0.845747
0.865783
0.881896
0.869327
0.862687
0.865624
0.850475
0.83752
0.850095
0.85385
0.849632
0.856918
0.866175
0.872919
0.877227
0.867532
0.852919
0.840273
0.829624
0.835247
0.851271
0.871444
0.898517
0.891957
0.849388
0.854076
0.86747
0.797488
0.824184
0.910246
0.872751
0.803222
0.911264
0.935277
0.79013
0.837491
0.934067
0.841957
0.773745
0.901632
0.890926
0.782943
0.865877
0.934048
0.8537
0.839384
0.898062
0.863016
0.799924
0.830048
0.851988
0.847683
0.878994
0.910004
0.902891
0.873027
0.844192
0.810916
0.78907
0.821082
0.877946
0.906677
0.920103
0.932944
0.891604
0.803684
0.777512
0.799892
0.824107
0.886134
0.944449
0.947281
0.904853
0.850403
0.790313
0.766692
0.799892
0.858817
0.921397
0.955898
0.939404
0.886719
0.824061
0.769269
0.768029
0.825478
0.893352
0.945161
0.955348
0.910626
0.850152
0.80124
0.752341
0.797382
0.891212
0.924138
0.91154
0.92445
0.902076
0.778071
0.767436
0.845861
0.848347
0.861928
0.954485
0.956531
0.837045
0.810336
0.837615
0.799072
0.824495
0.90627
0.913252
0.870019
0.861948
0.853325
0.817885
0.830734
0.868879
0.878181
0.867708
0.868856
0.860174
0.822138
0.833499
0.878542
0.871672
0.8514
0.898452
0.893217
0.799289
0.824835
0.887291
0.834982
0.828159
0.928337
0.915866
0.810267
0.847296
0.889229
0.799696
0.816773
0.903894
0.879594
0.82405
0.886446
0.912717
0.827393
0.83575
0.891086
0.839408
0.786941
0.880865
0.897645
0.821322
0.874709
0.941082
0.845821
0.77339
0.896098
0.880459
0.768929
0.885104
0.961469
0.806462
0.7995
0.933236
0.878353
0.758639
0.911294
0.969714
0.783883
0.815834
0.933398
0.835472
0.746374
0.934263
0.958281
0.793391
0.857553
0.943795
0.818833
0.763408
0.904044
0.888769
0.800607
0.885801
0.933518
0.83259
0.815335
0.871529
0.844583
0.822723
0.878742
0.899365
0.863521
0.85607
0.859769
0.842211
0.838205
0.864178
0.867733
0.846355
0.845621
0.856153
0.851618
0.867643
0.903298
0.895667
0.851125
0.822917
0.807166
0.80778
0.852736
0.901654
0.922698
0.912451
0.871385
0.817059
0.794833
0.807891
0.846204
0.894366
0.919422
0.908428
0.8739
0.831066
0.806392
0.816524
0.842158
0.876689
0.909443
0.902782
0.860966
0.838756
0.830408
0.810386
0.844969
0.902649
0.903124
0.866361
0.861705
0.838799
0.77952
0.824303
0.900015
0.912083
0.908134
0.924977
0.880449
0.771294
0.764068
0.810684
0.855116
0.920896
0.963973
0.951072
0.899542
0.821549
0.753628
0.777476
0.821829
0.860316
0.926453
0.962029
0.916503
0.856129
0.850388
0.808701
0.772789
0.829481
0.878865
0.879109
0.90159
0.923515
0.890848
0.837273
0.819896
0.811805
0.811947
0.853704
0.898307
0.905827
0.892353
0.881224
0.844052
0.795469
0.813093
0.857693
0.871192
0.893614
0.927796
0.895347
0.818877
0.808662
0.822667
0.817462
0.870886
0.929739
0.917593
0.866873
0.843472
0.815042
0.795542
0.839922
0.891154
0.910612
0.90514
0.872319
0.825134
0.808208
0.811485
0.841042
0.902229
0.930447
0.893428
0.864602
0.849881
0.798296
0.785131
0.858794
0.887164
0.874846
0.903902
0.920982
0.850124
0.797406
0.855012
0.832148
0.788225
0.88383
0.935773
0.838513
0.851791
0.94412
0.874367
0.755536
0.872612
0.90686
0.775431
0.859748
0.958553
0.872263
0.801291
0.907692
0.888291
0.793586
0.846131
0.886634
0.851266
0.85275
0.863498
0.860426
0.875276
0.848107
0.823073
0.894253
0.887187
0.798127
0.861535
0.924447
0.826157
0.805608
0.929334
0.882146
0.761445
0.875241
0.932056
0.799188
0.847057
0.971909
0.897369
0.753817
0.871564
0.894133
0.738483
0.866377
0.993503
0.892611
0.803941
0.964448
0.956317
0.695684
0.82716
0.937558
0.736047
0.808486
1.03185
0.988504
0.754114
0.903001
0.977851
0.685195
0.773597
0.974081
0.86492
0.74799
0.972631
0.996291
0.735658
0.826125
0.958769
0.827813
0.766516
0.964724
0.944586
0.763907
0.853791
0.926128
0.803377
0.804098
0.926458
0.878284
0.791912
0.880992
0.922275
0.840524
0.857017
0.911196
0.842126
0.768401
0.822315
0.8462
0.855517
0.919638
0.962688
0.924927
0.855181
0.819412
0.774699
0.761163
0.842327
0.914225
0.917383
0.920036
0.945202
0.882712
0.775811
0.806464
0.844312
0.803678
0.869875
0.952888
0.901963
0.819625
0.874125
0.872927
0.773991
0.851278
0.937156
0.873509
0.823124
0.909149
0.870024
0.752169
0.852812
0.928054
0.842187
0.850361
0.971567
0.909903
0.753452
0.845159
0.887629
0.758866
0.848336
0.973103
0.902605
0.809714
0.912236
0.912903
0.749572
0.819747
0.906944
0.829439
0.821677
0.945394
0.919619
0.813653
0.848862
0.876629
0.811008
0.8257
0.891632
0.879321
0.853098
0.867126
0.861709
0.839061
0.844946
0.851735
0.864489
0.875401
0.852001
0.841928
0.874801
0.855803
0.825562
0.875309
0.895005
0.818838
0.839249
0.903581
0.852199
0.807558
0.897239
0.902361
0.791065
0.847824
0.918089
0.844072
0.821458
0.933148
0.902393
0.776508
0.837517
0.883966
0.805003
0.851517
0.96283
0.925273
0.817591
0.843061
0.839919
0.750777
0.836205
0.940187
0.919901
0.878009
0.914914
0.879728
0.74119
0.794758
0.875523
0.841915
0.864314
0.970972
0.938358
0.79636
0.838117
0.884194
0.775861
0.810479
0.942617
0.882588
0.783123
0.909318
0.947983
0.768943
0.832001
0.966082
0.844439
0.730823
0.922133
0.931558
0.763628
0.892726
1.00542
0.860259
0.759778
0.9184
0.859842
0.743952
0.895261
0.968673
0.862346
0.84573
0.9312
0.842266
0.751325
0.836354
0.877474
0.865201
0.910549
0.934515
0.889566
0.836079
0.790906
0.785576
0.846817
0.863084
0.86857
0.937182
0.946524
0.817246
0.805525
0.883635
0.796565
0.770405
0.938994
0.951171
0.810513
0.878808
0.950785
0.809351
0.752349
0.905626
0.87792
0.812048
0.912274
0.952755
0.831044
0.789844
0.861449
0.823925
0.820576
0.913382
0.936995
0.862649
0.840537
0.850865
0.800419
0.804701
0.89553
0.921714
0.873083
0.881939
0.889234
0.803287
0.777371
0.871668
0.869017
0.840056
0.910516
0.939262
0.844466
0.815532
0.884364
0.82878
0.78375
0.865089
0.886522
0.841692
0.884696
0.927589
0.893858
0.853148
0.838031
0.805359
0.798242
0.818831
0.855831
0.914265
0.940417
0.908969
0.879242
0.855597
0.791045
0.772723
0.82884
0.873235
0.907052
0.924413
0.903454
0.870516
0.830829
0.772723
0.814752
0.887136
0.882676
0.874844
0.919469
0.884203
0.768804
0.81665
0.879722
0.85003
0.873335
0.947626
0.899064
0.790532
0.812792
0.838948
0.824893
0.884568
0.943869
0.914633
0.851681
0.824782
0.800188
0.795169
0.848038
0.898852
0.915268
0.907743
0.884497
0.843755
0.808769
0.811498
0.834962
0.855632
0.876288
0.894971
0.885285
0.861997
0.860362
0.857822
0.830761
0.83249
0.862708
0.849518
0.840001
0.880589
0.888521
0.839417
0.857756
0.89164
0.8466
0.819914
0.873324
0.864812
0.810029
0.862657
0.905098
0.857993
0.850428
0.907153
0.864805
0.795515
0.844955
0.873928
0.829518
0.862513
0.924308
0.87595
0.816727
0.858689
0.863283
0.80303
0.858718
0.9198
0.862376
0.822356
0.891052
0.874825
0.787069
0.863171
0.920362
0.827004
0.816644
0.936866
0.883672
0.784219
0.886343
0.925539
0.784391
0.816138
0.941683
0.857071
0.787007
0.912575
0.921237
0.767377
0.842091
0.931501
0.840484
0.810227
0.91645
0.896084
0.795737
0.845635
0.877637
0.830013
0.847547
0.899549
0.887364
0.868101
0.851371
0.828509
0.842979
0.846556
0.82905
0.882669
0.919116
0.854205
0.830594
0.903217
0.855005
0.783029
0.874187
0.906741
0.800364
0.843131
0.949528
0.878087
0.804257
0.888362
0.881952
0.758222
0.832637
0.908815
0.862734
0.858459
0.917712
0.888129
0.81204
0.822434
0.835633
0.840093
0.865914
0.875711
0.885403
0.895845
0.85786
0.829729
0.864317
0.850555
0.80098
0.853971
0.891779
0.849272
0.863303
0.930358
0.890413
0.813734
0.841555
0.847408
0.792619
0.841308
0.909965
0.885015
0.856393
0.890121
0.877038
0.8005
0.839405
0.890949
0.839505
0.819762
0.892091
0.867338
0.794245
0.883942
0.943835
0.857053
0.836957
0.925447
0.846632
0.743768
0.865113
0.908173
0.815783
0.876208
0.97116
0.871336
0.780058
0.864782
0.871439
0.796752
0.876442
0.939461
0.855808
0.804064
0.8638
0.83941
0.808056
0.892979
0.94048
0.89101
0.859324
0.86407
0.803657
0.77842
0.83362
0.881999
0.91518
0.932952
0.906514
0.861503
0.817111
0.767582
0.792707
0.875118
0.909161
0.918905
0.932337
0.899187
0.806977
0.764786
0.79482
0.830514
0.890231
0.948474
0.954224
0.902387
0.839321
0.790369
0.754445
0.796639
0.893049
0.938083
0.93698
0.939231
0.908037
0.799651
0.746892
0.802465
0.824007
0.868992
0.949397
0.96638
0.896344
0.849968
0.847832
0.779078
0.771346
0.860899
0.891106
0.871439
0.920572
0.954846
0.874172
0.804172
0.842048
0.807368
0.768372
0.883114
0.943826
0.875841
0.87504
0.946372
0.862615
0.749519
0.85149
0.883883
0.791188
0.863681
0.952103
0.862732
0.809257
0.894717
0.890457
0.797672
0.849902
0.887276
0.825672
0.82699
0.887582
0.883013
0.860649
0.869617
0.859787
0.84427
0.842415
0.835468
0.858269
0.879778
0.852187
0.846011
0.886487
0.875774
0.838142
0.866118
0.870717
0.817297
0.818506
0.861213
0.865364
0.87782
0.900158
0.892191
0.865079
0.832632
0.801472
0.825329
0.85732
0.853582
0.881706
0.929366
0.884945
0.822272
0.852533
0.856909
0.805
0.850009
0.905748
0.85999
0.832344
0.8718
0.86523
0.833134
0.872301
0.894078
0.857696
0.83233
0.83581
0.82833
0.840261
0.883955
0.909859
0.890818
0.865651
0.857241
0.804638
0.782562
0.864752
0.903758
0.859131
0.900272
0.972017
0.84998
0.752817
0.867219
0.858027
0.761176
0.906099
1.00227
0.857044
0.803588
0.930459
0.867258
0.737286
0.880982
0.935338
0.791899
0.826286
0.955565
0.86683
0.806441
0.911977
0.924281
0.794369
0.815594
0.885128
0.803546
0.814119
0.93582
0.93546
0.824977
0.87731
0.926779
0.780578
0.763448
0.914427
0.868045
0.798395
0.944521
1.00759
0.825421
0.798505
0.942093
0.801412
0.727443
0.934309
0.961036
0.792071
0.89308
1.03537
0.848104
0.732763
0.879864
0.862097
0.772612
0.902035
0.968125
0.855832
0.818873
0.880765
0.84693
0.822344
0.875454
0.886141
0.859937
0.839528
0.806827
0.843227
0.89185
0.858264
0.868333
0.947114
0.885629
0.737405
0.851334
0.901347
0.753359
0.855425
1.03172
0.905802
0.756067
0.908509
0.919432
0.701886
0.84691
0.990835
0.837493
0.792493
0.931465
0.901667
0.770399
0.876877
0.934782
0.825984
0.801535
0.864075
0.83543
0.834362
0.905209
0.931336
0.891474
0.857792
0.83707
0.789715
0.791387
0.855443
0.896526
0.898482
0.915272
0.920496
0.844379
0.792308
0.830724
0.834753
0.822965
0.895185
0.932157
0.868132
0.836874
0.868622
0.827768
0.801546
0.879372
0.91353
0.866273
0.861249
0.884845
0.81359
0.786405
0.867246
0.895092
0.860523
0.902499
0.944825
0.841373
0.780581
0.854589
0.841821
0.792202
0.896053
0.950161
0.854632
0.837702
0.913159
0.856901
0.777167
0.861594
0.883744
0.810496
0.850157
0.919661
0.873185
0.846833
0.875904
0.863189
0.829771
0.835095
0.843312
0.862442
0.879027
0.863802
0.867117
0.889307
0.840184
0.809259
0.862364
0.872765
0.835152
0.880038
0.917739
0.84885
0.813993
0.852999
0.843368
0.829465
0.887333
0.913692
0.879146
0.852023
0.838199
0.810656
0.815387
0.847219
0.879527
0.904402
0.906518
0.884596
0.859592
0.832708
0.81207
0.813324
0.825816
0.860137
0.897266
0.897557
0.894941
0.912799
0.87501
0.776336
0.800967
0.829857
0.792792
0.870068
0.978501
0.946084
0.851592
0.876307
0.854188
0.740285
0.793978
0.887902
0.884858
0.895411
0.925479
0.895858
0.833997
0.809299
0.810105
0.843368
0.876117
0.877362
0.886935
0.895419
0.844565
0.812432
0.840468
0.851929
0.852167
0.883911
0.897282
0.874893
0.85443
0.840935
0.829924
0.833459
0.843281
0.858071
0.877628
0.884398
0.8773
0.870293
0.857933
0.839222
0.832048
0.838783
0.850035
0.862572
0.87313
0.874187
0.864702
0.856288
0.855426
0.853891
0.855054
0.86226
0.858995
0.845225
0.839381
0.842307
0.854217
0.872157
0.87939
0.88141
0.882615
0.853771
0.819272
0.83862
0.847623
0.827127
0.859499
0.903198
