0.812087
0.829436
0.857676
0.871824
0.882981
0.894245
0.885943
0.860709
0.838014
0.817234
0.805357
0.830548
0.875999
0.887176
0.878746
0.905719
0.922387
0.850869
0.76951
0.801152
0.866377
0.829499
0.792973
0.903676
1.00786
0.907266
0.773947
0.842104
0.928681
0.79433
0.674917
0.846745
1.03146
0.903196
0.748345
0.899872
1.03834
0.824677
0.625712
0.812334
1.01075
0.848855
0.700172
0.909153
1.08199
0.882169
0.694941
0.839069
0.964818
0.805334
0.692107
0.853174
0.987029
0.894671
0.817535
0.897765
0.935342
0.835181
0.766461
0.807327
0.848169
0.846904
0.866537
0.906606
0.914536
0.891848
0.862114
0.823984
0.795249
0.807364
0.842887
0.86457
0.881591
0.909272
0.913995
0.872654
0.828131
0.820857
0.828415
0.826335
0.83777
0.873778
0.896658
0.884838
0.865558
0.857277
0.84817
0.839541
0.844252
0.852818
0.855945
0.865279
0.873566
0.857469
0.838881
0.855876
0.878251
0.859241
0.836846
0.860491
0.880398
0.844353
0.815594
0.855031
0.8957
0.871876
0.846131
0.875213
0.889908
0.837041
0.795524
0.829277
0.870274
0.858958
0.854001
0.898272
0.920814
0.872419
0.822591
0.829559
0.842604
0.818966
0.813917
0.867068
0.912275
0.892251
0.861261
0.876397
0.884099
0.830245
0.787795
0.832182
0.885158
0.855225
0.825326
0.890767
0.942171
0.863589
0.785203
0.846066
0.907504
0.827634
0.76803
0.875879
0.964221
0.870574
0.784013
0.863075
0.921623
0.82296
0.761998
0.865102
0.943628
0.879364
0.827698
0.872455
0.88469
0.819929
0.792914
0.833013
0.865184
0.882225
0.906234
0.898672
0.862323
0.859671
0.863463
0.807984
0.768673
0.83595
0.906741
0.870556
0.835563
0.902495
0.943405
0.860741
0.794966
0.846352
0.885105
0.826532
0.791967
0.850017
0.890064
0.856213
0.841407
0.886073
0.911762
0.884453
0.858287
0.853735
0.836816
0.807435
0.801991
0.82725
0.862328
0.897399
0.922307
0.915082
0.878523
0.843673
0.816055
0.78299
0.779744
0.846668
0.92308
0.922503
0.890926
0.90948
0.903637
0.790618
0.708663
0.797628
0.907468
0.870712
0.838474
0.957396
1.01735
0.849629
0.705972
0.797937
0.891381
0.794912
0.753947
0.932918
1.04552
0.902966
0.774444
0.84652
0.888623
0.764301
0.715646
0.869454
0.985477
0.919754
0.857694
0.908576
0.909589
0.786468
0.717248
0.797888
0.880653
0.86752
0.867431
0.94253
0.967853
0.875136
0.795243
0.819596
0.84465
0.795625
0.779397
0.862621
0.924193
0.884856
0.855271
0.906273
0.928036
0.856697
0.801119
0.824268
0.837092
0.801228
0.803626
0.869891
0.918901
0.921031
0.913408
0.890948
0.840713
0.805447
0.799297
0.786829
0.799261
0.887615
0.963836
0.922321
0.856245
0.882589
0.890232
0.774379
0.710565
0.840979
0.958984
0.884529
0.818293
0.925691
0.972863
0.797612
0.683984
0.832096
0.957421
0.850998
0.787328
0.945678
1.01997
0.829024
0.696734
0.823997
0.91654
0.799528
0.753843
0.919837
1.01049
0.887757
0.806
0.881874
0.905205
0.802672
0.75752
0.819482
0.854229
0.844973
0.871846
0.908752
0.913188
0.926116
0.92427
0.835857
0.747756
0.781549
0.83343
0.785185
0.785517
0.947405
1.05264
0.940012
0.82506
0.870606
0.872055
0.71286
0.650643
0.824114
0.97022
0.92217
0.889264
0.986986
0.992287
0.80719
0.683707
0.762701
0.841301
0.798615
0.812589
0.960784
1.03007
0.916368
0.816149
0.844918
0.850027
0.76024
0.741547
0.858185
0.938325
0.898753
0.867166
0.898838
0.889524
0.819024
0.794687
0.839142
0.87342
0.878252
0.883295
0.872934
0.839989
0.825251
0.830185
0.823576
0.83876
0.906986
0.949579
0.902879
0.845227
0.844029
0.831454
0.772868
0.766784
0.852212
0.919863
0.909813
0.895099
0.909461
0.889209
0.823938
0.791314
0.819109
0.84944
0.850168
0.856221
0.885598
0.894277
0.855313
0.825877
0.857189
0.886711
0.847638
0.82135
0.88868
0.929388
0.834857
0.765839
0.862233
0.927717
0.805569
0.741339
0.910249
1.01368
0.848946
0.74554
0.9121
0.988953
0.774317
0.666244
0.876297
0.999044
0.826344
0.748745
0.942341
1.01754
0.816773
0.715052
0.862391
0.932145
0.806878
0.769645
0.90161
0.952555
0.857082
0.815326
0.87376
0.887085
0.835624
0.822383
0.849614
0.85473
0.849402
0.860207
0.864161
0.8635
0.884979
0.894532
0.854316
0.820078
0.842411
0.859318
0.824221
0.817054
0.885677
0.925457
0.868772
0.826239
0.874381
0.895019
0.813648
0.777005
0.874235
0.932852
0.842462
0.789921
0.892915
0.942306
0.81708
0.757735
0.896425
0.967471
0.826403
0.75173
0.88931
0.95044
0.797167
0.735939
0.906033
0.991067
0.843697
0.769528
0.905698
0.95132
0.78421
0.714853
0.872249
0.95618
0.836966
0.792786
0.931719
0.976673
0.82716
0.754035
0.859544
0.902512
0.801138
0.775977
0.889297
0.937798
0.865343
0.838142
0.893169
0.89724
0.832564
0.806652
0.833371
0.844732
0.840512
0.857892
0.882663
0.890735
0.889366
0.878133
0.850087
0.826544
0.826209
0.833815
0.839707
0.857112
0.881117
0.888509
0.878238
0.863947
0.847936
0.836715
0.84363
0.85833
0.860949
0.861399
0.871176
0.865833
0.834672
0.819494
0.844744
0.871355
0.872661
0.879567
0.902236
0.893922
0.841243
0.803361
0.814528
0.832919
0.832268
0.854139
0.91134
0.932973
0.882483
0.834598
0.84266
0.841522
0.794225
0.794537
0.884772
0.940068
0.889848
0.85292
0.892812
0.88392
0.781923
0.745365
0.8353
0.897475
0.867843
0.874862
0.947682
0.94797
0.850501
0.787916
0.799154
0.802318
0.791677
0.830712
0.901821
0.938847
0.935668
0.910964
0.861005
0.807127
0.788748
0.797738
0.811418
0.849678
0.912543
0.93855
0.902395
0.859232
0.84104
0.819762
0.797822
0.815723
0.864799
0.898483
0.907155
0.899896
0.868932
0.829754
0.817112
0.820084
0.81505
0.834948
0.896392
0.930142
0.897267
0.865322
0.870414
0.849843
0.791484
0.779172
0.832348
0.873814
0.879578
0.895783
0.918432
0.903164
0.859753
0.827057
0.809566
0.80527
0.825281
0.856841
0.876336
0.889787
0.902211
0.890556
0.853305
0.826394
0.82429
0.829833
0.841315
0.866318
0.88946
0.895204
0.887786
0.865951
0.828354
0.802562
0.81159
0.834869
0.853498
0.884597
0.925231
0.931279
0.891033
0.845744
0.816914
0.791483
0.779208
0.804588
0.85484
0.900875
0.934984
0.943839
0.908358
0.85594
0.828345
0.805013
0.764931
0.771344
0.856887
0.920125
0.895788
0.883282
0.935593
0.926493
0.811327
0.75913
0.838141
0.875882
0.805759
0.802281
0.914394
0.947113
0.847086
0.810622
0.893606
0.910714
0.815197
0.789949
0.880031
0.905729
0.819357
0.797501
0.891405
0.921672
0.829319
0.800561
0.901616
0.930418
0.812074
0.773641
0.902639
0.944339
0.800416
0.756194
0.917428
0.965571
0.78936
0.739416
0.930489
0.984505
0.785431
0.730658
0.933324
0.984819
0.778865
0.728413
0.932072
0.981161
0.785146
0.739378
0.924908
0.966534
0.793536
0.756151
0.914644
0.946854
0.802699
0.775441
0.907529
0.936514
0.82513
0.800202
0.888892
0.896623
0.808647
0.797193
0.876715
0.904072
0.86337
0.858497
0.889608
0.874766
0.824228
0.810545
0.835449
0.855294
0.866781
0.882572
0.888669
0.874294
0.851998
0.834848
0.829608
0.839924
0.857706
0.873325
0.885928
0.883395
0.854248
0.830097
0.842694
0.853517
0.829857
0.833393
0.896211
0.917775
0.85052
0.821171
0.885337
0.894695
0.798702
0.777319
0.884323
0.919522
0.828353
0.816794
0.925676
0.939254
0.82239
0.786447
0.864026
0.872285
0.800567
0.809145
0.892686
0.915518
0.881653
0.874707
0.875393
0.848511
0.83323
0.832749
0.811553
0.814716
0.880087
0.913661
0.862363
0.844416
0.908712
0.908385
0.80158
0.771917
0.873519
0.908515
0.819518
0.811429
0.92918
0.941419
0.7991
0.756979
0.881943
0.919115
0.805501
0.80449
0.963265
0.98289
0.802465
0.737276
0.866047
0.888535
0.750077
0.764931
0.971174
1.0247
0.862265
0.804989
0.910498
0.887859
0.717749
0.704714
0.875762
0.941186
0.858255
0.863844
0.97046
0.955368
0.815634
0.766806
0.832422
0.841173
0.781795
0.803475
0.905927
0.939402
0.885256
0.868831
0.907461
0.887857
0.801953
0.777775
0.841001
0.865884
0.820179
0.829559
0.917862
0.934129
0.844112
0.817211
0.898594
0.907603
0.801491
0.783794
0.898061
0.915005
0.786496
0.765732
0.907789
0.942153
0.812368
0.804497
0.965998
0.979434
0.789809
0.735716
0.884623
0.899581
0.731247
0.738707
0.963716
1.01973
0.844929
0.808548
0.957303
0.933626
0.721112
0.691845
0.873659
0.924227
0.816531
0.836518
0.973126
0.963934
0.827304
0.788626
0.842538
0.838942
0.80297
0.832284
0.887894
0.903246
0.898842
0.889595
0.858714
0.829523
0.825603
0.821623
0.814148
0.836356
0.877778
0.901054
0.908623
0.905519
0.875302
0.839089
0.829648
0.818902
0.790706
0.80604
0.876814
0.910947
0.882501
0.877642
0.907761
0.886683
0.820787
0.804879
0.838888
0.848188
0.837178
0.853558
0.878968
0.88127
0.877945
0.875762
0.857209
0.842919
0.854128
0.850647
0.815795
0.815291
0.868861
0.893041
0.863825
0.869873
0.922403
0.910659
0.822352
0.787327
0.833041
0.837283
0.785662
0.812683
0.924094
0.95857
0.889289
0.869921
0.921039
0.885802
0.759792
0.731198
0.826195
0.861253
0.810702
0.853104
0.988923
1.00238
0.871366
0.813011
0.862055
0.825342
0.70612
0.72932
0.896238
0.963685
0.8978
0.897914
0.966372
0.910843
0.758223
0.725758
0.818681
0.858733
0.838001
0.88044
0.953062
0.932391
0.847464
0.808854
0.817132
0.819369
0.828417
0.865587
0.898788
0.902524
0.888201
0.862598
0.830357
0.816503
0.830818
0.847795
0.854459
0.866877
0.88285
0.877726
0.85658
0.851443
0.863858
0.866702
0.85727
0.852952
0.849589
0.837271
0.830655
0.839695
0.852992
0.873706
0.906098
0.911707
0.869311
0.836062
0.843323
0.827088
0.77706
0.796552
0.894621
0.933181
0.885376
0.881667
0.928333
0.889303
0.781155
0.759003
0.820983
0.841329
0.829647
0.873157
0.934316
0.93545
0.901763
0.871535
0.829682
0.794311
0.800271
0.81425
0.813563
0.851298
0.926124
0.945947
0.899424
0.873365
0.873066
0.830185
0.769429
0.771142
0.822432
0.864224
0.898177
0.93383
0.939122
0.908054
0.867798
0.815575
0.756494
0.749831
0.812397
0.869825
0.889898
0.929387
0.980953
0.948564
0.838149
0.777564
0.795028
0.789674
0.758581
0.813456
0.935418
0.970772
0.906374
0.882119
0.908849
0.861281
0.760307
0.758188
0.844962
0.872614
0.841721
0.867694
0.925965
0.91098
0.85327
0.838859
0.844995
0.833803
0.838736
0.855453
0.844728
0.851642
0.906215
0.905905
0.82046
0.803766
0.88786
0.883786
0.776226
0.797164
0.949941
0.961248
0.821396
0.811636
0.929764
0.892068
0.725908
0.737213
0.90609
0.931539
0.823347
0.849688
0.977633
0.943367
0.786201
0.770766
0.877943
0.874843
0.782749
0.807627
0.914889
0.906827
0.815547
0.824709
0.910307
0.913308
0.853464
0.856714
0.892986
0.85816
0.790613
0.785029
0.822063
0.846438
0.873053
0.909404
0.918261
0.903629
0.892567
0.856595
0.791272
0.779553
0.839227
0.862827
0.829118
0.855379
0.939488
0.928888
0.828079
0.814045
0.88896
0.874893
0.782659
0.800637
0.909874
0.909897
0.81535
0.823739
0.917957
0.904043
0.804278
0.813546
0.909724
0.899206
0.801953
0.807124
0.895681
0.885135
0.799065
0.819509
0.921833
0.922
0.836162
0.836673
0.903972
0.872819
0.772794
0.779875
0.87663
0.892619
0.837362
0.865559
0.951237
0.925746
0.812171
0.792616
0.862318
0.851561
0.775685
0.810766
0.929824
0.933144
0.835349
0.836959
0.923274
0.896721
0.785045
0.795095
0.897578
0.88647
0.792197
0.810328
0.906405
0.901394
0.832828
0.853212
0.916938
0.896266
0.834283
0.823611
0.830779
0.817245
0.82419
0.852082
0.863458
0.889574
0.941286
0.929511
0.843527
0.809238
0.84308
0.81846
0.752581
0.799387
0.926833
0.953183
0.88742
0.882416
0.915042
0.854087
0.752606
0.759759
0.845789
0.880124
0.870941
0.902694
0.942279
0.902446
0.817905
0.793016
0.826453
0.834594
0.818664
0.855058
0.923149
0.916034
0.844671
0.834334
0.885878
0.872402
0.803978
0.821357
0.902502
0.886544
0.7976
0.807308
0.89373
0.890836
0.826966
0.85683
0.936861
0.912528
0.823522
0.810196
0.844994
0.825947
0.793106
0.83065
0.897038
0.916085
0.903219
0.896338
0.88051
0.841673
0.805719
0.798972
0.819422
0.846884
0.8677
0.890038
0.911819
0.896798
0.84501
0.826894
0.858149
0.85405
0.807706
0.829565
0.909696
0.898363
0.809662
0.820912
0.914754
0.901475
0.809044
0.831105
0.923347
0.888528
0.77952
0.791229
0.87897
0.876556
0.829714
0.869104
0.935589
0.912148
0.844625
0.824954
0.83018
0.8149
0.809174
0.841725
0.883221
0.902274
0.90052
0.887942
0.867184
0.839119
0.81437
0.814558
0.84136
0.863293
0.868089
0.882565
0.902185
0.881144
0.830692
0.818953
0.84566
0.847114
0.831609
0.860338
0.907861
0.899396
0.85433
0.842451
0.851925
0.836259
0.819768
0.841218
0.873454
0.882069
0.879159
0.874105
0.857817
0.844522
0.8488
0.848479
0.837263
0.849638
0.880361
0.875462
0.841379
0.843004
0.873615
0.865929
0.833718
0.848832
0.891189
0.882029
0.839556
0.840998
0.868914
0.852958
0.817148
0.833511
0.879341
0.882466
0.857719
0.866766
0.891117
0.870357
0.826149
0.827539
0.861876
0.859907
0.831301
0.846792
0.890612
0.877328
0.824395
0.83632
0.898367
0.890547
0.828597
0.845202
0.912979
0.877877
0.777706
0.792919
0.889258
0.87999
0.805999
0.853103
0.959998
0.926031
0.810978
0.814108
0.884643
0.84884
0.770598
0.815054
0.915728
0.909504
0.84335
0.856437
0.905584
0.867878
0.793002
0.812744
0.889264
0.88643
0.830341
0.853663
0.920776
0.8841
0.787594
0.802425
0.890084
0.876109
0.805566
0.848445
0.940981
0.909864
0.820084
0.828433
0.875345
0.846593
0.80897
0.835963
0.864971
0.870269
0.893829
0.891878
0.83554
0.835453
0.904966
0.874789
0.760894
0.79794
0.946224
0.913581
0.758564
0.813741
0.99461
0.931712
0.729582
0.784655
0.980344
0.910574
0.706639
0.778814
0.98742
0.927089
0.739181
0.811005
0.997472
0.930937
0.752284
0.800968
0.944037
0.879703
0.738992
0.793519
0.926277
0.902819
0.821506
0.867589
0.944917
0.898431
0.81052
0.810412
0.844388
0.827696
0.808424
0.84618
0.896396
0.902294
0.884008
0.882553
0.886769
0.860454
0.817426
0.813136
0.842716
0.835136
0.800007
0.837691
0.929148
0.929761
0.855011
0.874929
0.951926
0.876944
0.717218
0.742855
0.89131
0.870482
0.757414
0.854141
1.0419
0.976573
0.779224
0.807236
0.945324
0.858096
0.68572
0.762339
0.943614
0.905703
0.780405
0.854776
0.994585
0.940303
0.813618
0.834705
0.896408
0.82867
0.739583
0.774027
0.853048
0.87644
0.893609
0.939024
0.95214
0.915455
0.867878
0.808444
0.74633
0.747954
0.81387
0.856519
0.870383
0.929419
0.991451
0.943197
0.833673
0.805068
0.831931
0.797383
0.751924
0.815617
0.919486
0.921634
0.869523
0.886036
0.922595
0.872309
0.796268
0.808252
0.859883
0.846489
0.810156
0.846637
0.910382
0.897311
0.844713
0.860214
0.906863
0.86711
0.78609
0.808265
0.891121
0.870802
0.796407
0.851214
0.964938
0.916858
0.783824
0.813021
0.9225
0.856831
0.724464
0.804356
0.974638
0.936083
0.802332
0.857166
0.972088
0.873311
0.708169
0.760307
0.903213
0.880134
0.804987
0.888297
0.996531
0.928094
0.80253
0.80135
0.842172
0.808061
0.784255
0.845029
0.905185
0.91369
0.915125
0.896666
0.837357
0.820407
0.861478
0.83426
0.758172
0.818433
0.95843
0.923334
0.787709
0.849196
0.999236
0.89919
0.693984
0.766429
0.960586
0.88502
0.715339
0.837025
1.04618
0.951203
0.748709
0.805551
0.940645
0.842255
0.701076
0.798464
0.958153
0.929012
0.844205
0.888917
0.942028
0.863202
0.766133
0.778226
0.82937
0.832744
0.837613
0.895828
0.950018
0.935508
0.882732
0.852163
0.833969
0.787643
0.748535
0.789607
0.878459
0.910819
0.897604
0.93435
0.976997
0.896673
0.761669
0.755882
0.830172
0.800825
0.742679
0.853023
1.01552
0.982637
0.856744
0.880098
0.943078
0.826785
0.679684
0.736766
0.86685
0.864181
0.838088
0.923577
0.992036
0.938761
0.865628
0.82724
0.77759
0.763825
0.822552
0.843987
0.819134
0.898995
1.02019
0.947606
0.775721
0.796895
0.907243
0.815963
0.680337
0.810464
1.01646
0.966477
0.826387
0.879444
0.95638
0.829587
0.689018
0.748552
0.863107
0.876154
0.883082
0.945983
0.964646
0.910824
0.853817
0.797467
0.742689
0.762154
0.843156
0.874675
0.868591
0.924242
0.980625
0.911447
0.799215
0.79957
0.849817
0.816836
0.775807
0.848005
0.939199
0.913333
0.84605
0.860675
0.892935
0.842228
0.784505
0.825414
0.89525
0.884475
0.845281
0.871525
0.90559
0.855574
0.789195
0.81448
0.875698
0.86796
0.841565
0.885716
0.931936
0.883842
0.811121
0.814911
0.845612
0.83098
0.823214
0.870944
0.912103
0.89928
0.871384
0.852757
0.829817
0.820028
0.838736
0.853921
0.858125
0.883239
0.905751
0.873787
0.824176
0.825255
0.850104
0.845984
0.84377
0.876916
0.900305
0.880098
0.850673
0.836465
0.827077
0.830656
0.855345
0.874115
0.87687
0.88713
0.891874
0.855254
0.808819
0.812153
0.843832
0.850015
0.853116
0.892626
0.924549
0.895471
0.844216
0.828764
0.829608
0.81292
0.810023
0.852951
0.901095
0.904545
0.882382
0.874137
0.865718
0.83091
0.803002
0.827304
0.87314
0.879778
0.863617
0.877509
0.892598
0.849482
0.796802
0.822676
0.882279
0.874481
0.841165
0.879811
0.925468
0.863737
0.77756
0.811121
0.88972
0.865951
0.817811
0.886215
0.963696
0.884423
0.764045
0.795212
0.879727
0.835489
0.775593
0.882562
1.00943
0.932679
0.791234
0.824803
0.906127
0.812165
0.704796
0.82633
0.991944
0.924215
0.790874
0.859639
0.958966
0.841265
0.707528
0.816184
0.96882
0.908546
0.807174
0.879154
0.952012
0.843896
0.730394
0.784109
0.868237
0.85329
0.845038
0.91615
0.962026
0.924956
0.872664
0.835449
0.792114
0.768279
0.786372
0.813379
0.845739
0.912142
0.969296
0.950345
0.890626
0.857127
0.827659
0.772818
0.748746
0.796307
0.865201
0.908958
0.936363
0.943366
0.90987
0.855832
0.810575
0.773523
0.762036
0.809476
0.883577
0.916782
0.916964
0.927193
0.916954
0.847907
0.78072
0.783692
0.819186
0.833059
0.851704
0.897666
0.923407
0.899802
0.864307
0.844726
0.830484
0.823145
0.834379
0.852646
0.86637
0.881014
0.88789
0.870732
0.845135
0.835626
0.834485
0.83078
0.839337
0.865237
0.888643
0.899806
0.900049
0.880236
0.844493
0.820477
0.813181
0.804514
0.809798
0.855439
0.907315
0.913739
0.89434
0.891526
0.882263
0.836238
0.798015
0.81426
0.847483
0.84886
0.844593
0.870764
0.893862
0.874798
0.8499
0.86653
0.889267
0.862275
0.822367
0.836836
0.867003
0.838134
0.804409
0.858692
0.927794
0.888468
0.818984
0.858727
0.917013
0.845821
0.764527
0.843958
0.944806
0.872768
0.772529
0.84445
0.935655
0.850137
0.759694
0.864832
0.981447
0.897351
0.784807
0.845172
0.914336
0.815294
0.727112
0.829763
0.949355
0.902011
0.833103
0.897127
0.949163
0.851797
0.757145
0.809817
0.881179
0.842809
0.806129
0.872967
0.929906
0.881688
0.82982
0.860498
0.891469
0.855495
0.823236
0.846894
0.866239
0.841041
0.823037
0.847237
0.875001
0.876976
0.876205
0.887089
0.885219
0.857247
0.828253
0.821332
0.827325
0.832739
0.846632
0.875855
0.89907
0.895146
0.877004
0.865766
0.8532
0.826859
0.8087
0.82357
0.852049
0.864099
0.872921
0.898865
0.912694
0.882085
0.838615
0.825926
0.825435
0.809662
0.81181
0.859959
0.907593
0.909057
0.890821
0.882011
0.860809
0.821669
0.803155
0.817965
0.842657
0.871584
0.899412
0.895391
0.865308
0.85643
0.858236
0.823719
0.79656
0.847251
0.910538
0.888411
0.84584
0.880084
0.910117
0.838472
0.770343
0.821305
0.887115
0.850844
0.814774
0.88559
0.947847
0.887473
0.818367
0.857143
0.896049
0.826753
0.765881
0.828552
0.900146
0.863423
0.826257
0.893364
0.945873
0.876263
0.802594
0.833981
0.869852
0.824862
0.800402
0.866593
0.920665
0.891529
0.854604
0.859243
0.852685
0.818562
0.810613
0.841085
0.873189
0.895639
0.908718
0.894053
0.857808
0.833307
0.821022
0.80419
0.807192
0.85292
0.900374
0.90583
0.892557
0.890452
0.875353
0.831374
0.80012
0.812059
0.837737
0.849608
0.865112
0.894366
0.908502
0.890234
0.862777
0.846256
0.831842
0.815453
0.814911
0.838008
0.866591
0.883949
0.892097
0.894364
0.883559
0.857918
0.833632
0.827259
0.832856
0.835205
0.840555
0.86276
0.883094
0.874057
0.858312
0.873341
0.89025
0.862725
0.829891
0.848524
0.86897
0.827229
0.791259
0.841756
0.901322
0.876442
0.847498
0.904612
0.9444
0.862775
0.778447
0.817481
0.868476
0.811831
0.77462
0.87812
0.969065
0.899305
0.817873
0.876448
0.925153
0.823076
0.744134
0.840747
0.931532
0.855464
0.786257
0.873348
0.941878
0.854289
0.787159
0.870232
0.933897
0.857542
0.794268
0.849041
0.889478
0.834524
0.804293
0.864247
0.907622
0.874695
0.846548
0.868599
0.879496
0.848959
0.830274
0.850252
0.864046
0.844269
0.828303
0.846137
0.868143
0.866082
0.867717
0.895471
0.908174
0.872067
0.829283
0.822854
0.824327
0.808312
0.814393
0.863965
0.905882
0.904613
0.891238
0.887139
0.869488
0.835416
0.81624
0.821346
0.833761
0.848216
0.86581
0.877135
0.878764
0.876494
0.868001
0.85215
0.840719
0.839378
0.843889
0.857285
0.875665
0.878561
0.867634
0.866331
0.860712
0.823092
0.795165
0.831402
0.883278
0.881528
0.874455
0.919053
0.933876
0.848578
0.768131
0.792036
0.834082
0.813132
0.822549
0.922179
0.985021
0.925623
0.851055
0.842511
0.824927
0.763392
0.752336
0.827595
0.901071
0.923665
0.932747
0.936829
0.903515
0.841876
0.792758
0.77228
0.778128
0.80742
0.851182
0.899167
0.935259
0.93462
0.905403
0.886575
0.865426
0.801413
0.750908
0.795806
0.861662
0.840731
0.825699
0.926708
0.997021
0.891303
0.78474
0.849765
0.904859
0.789982
0.724362
0.874082
0.98926
0.879816
0.783452
0.878322
0.9334
0.798739
0.724828
0.865904
0.975253
0.888248
0.815888
0.896428
0.92947
0.800768
0.725373
0.833592
0.92742
0.870172
0.82823
0.910273
0.943458
0.827332
0.749081
0.829614
0.903391
0.855321
0.830941
0.916357
0.951997
0.850869
0.773151
0.818628
0.859668
0.819705
0.815242
0.89942
0.945473
0.889307
0.837259
0.852073
0.857124
0.81652
0.808476
0.863588
0.901861
0.879146
0.852879
0.86077
0.858891
0.825051
0.81481
0.858861
0.897578
0.883394
0.862377
0.876418
0.875423
0.82368
0.793918
0.839913
0.885877
0.867643
0.853353
0.893387
0.905154
0.840571
0.796366
0.833275
0.868374
0.850436
0.850606
0.897783
0.912754
0.864773
0.824213
0.827366
0.832963
0.824551
0.838868
0.884165
0.913429
0.895822
0.864197
0.856902
0.847763
0.8054
0.786969
0.849018
0.911031
0.883095
0.850263
0.904562
0.928248
0.820911
0.745786
0.835261
0.911999
0.835041
0.793057
0.915015
0.98053
0.852055
0.762518
0.858738
0.919223
0.812884
0.762215
0.886758
0.958026
0.850763
0.780937
0.872166
0.92425
0.826125
0.778693
0.891546
0.958519
0.856822
0.783564
0.863417
0.904595
0.79319
0.741347
0.87516
0.972031
0.88742
0.829372
0.924615
0.952041
0.795413
0.700058
0.803207
0.884797
0.826611
0.826348
0.957029
1.00793
0.905429
0.824358
0.823551
0.798359
0.758477
0.784793
0.837527
0.877143
0.948458
0.994084
0.909868
0.810375
0.844509
0.868211
0.743755
0.691744
0.869373
0.999907
0.892671
0.820952
0.949242
0.985899
0.791144
0.682003
0.811561
0.898934
0.816131
0.806526
0.951614
1.01033
0.898928
0.817184
0.842337
0.832725
0.754254
0.742615
0.833041
0.908638
0.918264
0.928209
0.956239
0.932568
0.843731
0.77182
0.762523
0.775187
0.789611
0.8413
0.922819
0.967835
0.953006
0.910936
0.855295
0.793166
0.763667
0.778026
0.802317
0.845197
0.930441
0.982738
0.926961
0.853421
0.861129
0.852676
0.747096
0.705199
0.838074
0.946715
0.883305
0.848332
0.975425
1.01687
0.826032
0.697307
0.818055
0.894083
0.746298
0.701719
0.937575
1.07387
0.893943
0.778003
0.939946
0.990474
0.74048
0.622643
0.844064
0.976043
0.814653
0.759559
0.96937
1.04494
0.847101
0.746835
0.866301
0.901867
0.783983
0.761603
0.862033
0.900463
0.879234
0.891096
0.884334
0.846577
0.870224
0.893231
0.802211
0.749037
0.879322
0.966406
0.833873
0.757887
0.919934
0.991405
0.789251
0.692545
0.89828
1.00613
0.817105
0.733649
0.934728
1.00822
0.788465
0.68997
0.877871
0.966557
0.810859
0.762624
0.933529
0.991117
0.836549
0.764943
0.864232
0.895647
0.803263
0.787277
0.882105
0.920377
0.870773
0.851286
0.878245
0.87309
0.836603
0.826785
0.843441
0.85267
0.853968
0.859668
0.865482
0.866931
0.866975
0.866658
0.866172
0.863554
0.853454
0.840878
0.837757
0.838759
0.834828
0.844448
0.880561
0.907694
0.895427
0.87495
0.872053
0.84923
0.793206
0.771008
0.816316
0.866202
0.88229
0.907658
0.947403
0.936527
0.86727
0.808112
0.78594
0.777643
0.790651
0.837516
0.88614
0.915292
0.936099
0.927034
0.865797
0.813839
0.827834
0.845018
0.810655
0.806741
0.881803
0.915049
0.840595
0.802573
0.883692
0.927659
0.847762
0.816601
0.916386
0.94236
0.803101
0.731759
0.841676
0.900196
0.8018
0.790737
0.956047
1.01815
0.867778
0.781177
0.871783
0.884584
0.739239
0.709639
0.878684
0.971602
0.887987
0.860502
0.958028
0.952567
0.791635
0.714379
0.800501
0.852192
0.803635
0.827851
0.959842
1.0037
0.898931
0.825089
0.856528
0.846803
0.751432
0.739168
0.862992
0.936635
0.876888
0.851752
0.933811
0.94248
0.811125
0.75342
0.860006
0.910847
0.808429
0.781037
0.919127
0.965324
0.818634
0.756023
0.89068
0.939688
0.795585
0.758178
0.930843
0.992189
0.828728
0.760172
0.895284
0.924117
0.76249
0.727494
0.897945
0.969567
0.864133
0.836496
0.927663
0.917081
0.796662
0.758922
0.81227
0.839652
0.858226
0.904815
0.913858
0.891113
0.907685
0.893796
0.781775
0.730691
0.842179
0.912572
0.826925
0.811136
0.95582
0.986525
0.813569
0.741835
0.875073
0.922334
0.797636
0.780332
0.929498
0.962369
0.82004
0.766426
0.864207
0.892498
0.810044
0.811808
0.920098
0.948039
0.863445
0.822876
0.860187
0.856021
0.797877
0.79784
0.865952
0.897776
0.872827
0.86727
0.890273
0.881517
0.844088
0.83178
0.843059
0.845526
0.847124
0.856962
0.855709
0.853255
0.874463
0.885104
0.853406
0.837258
0.873777
0.883322
0.827643
0.809849
0.872476
0.896747
0.838518
0.824162
0.891336
0.90419
0.828552
0.805841
0.872083
0.892499
0.835409
0.82721
0.89129
0.903005
0.838425
0.816805
0.866307
0.878828
0.828912
0.821768
0.882195
0.900326
0.844246
0.826364
0.883431
0.896972
0.827901
0.808058
0.882213
0.904771
0.826306
0.806064
0.894173
0.914364
0.814243
0.784651
0.882085
0.912228
0.825094
0.818452
0.930171
0.951354
0.838759
0.789481
0.845997
0.842293
0.766634
0.782692
0.895978
0.952552
0.92805
0.917282
0.915648
0.859547
0.782948
0.751951
0.760898
0.796549
0.86717
0.931677
0.942486
0.931924
0.928552
0.883667
0.79484
0.756088
0.794546
0.829051
0.836641
0.871706
0.920188
0.919911
0.884474
0.857603
0.833166
0.817847
0.841504
0.868321
0.853377
0.849393
0.890583
0.888948
0.814995
0.793975
0.867227
0.899817
0.850457
0.848757
0.914283
0.907651
0.817404
0.788063
0.842573
0.864618
0.840775
0.859627
0.910784
0.907424
0.854939
0.824386
0.824052
0.823077
0.830241
0.861668
0.895772
0.909154
0.901909
0.874866
0.832584
0.800638
0.798878
0.817776
0.846067
0.886435
0.925313
0.929742
0.893116
0.846884
0.814718
0.792975
0.786428
0.817772
0.880036
0.924107
0.923306
0.904879
0.886783
0.845213
0.786176
0.77114
0.817269
0.859696
0.86722
0.889232
0.933551
0.927014
0.85873
0.820195
0.840917
0.83891
0.794572
0.801028
0.874979
0.904323
0.858959
0.852723
0.913502
0.91479
0.829678
0.804463
0.874727
0.884993
0.801103
0.791969
0.889259
0.909795
0.821432
0.813211
0.912508
0.927201
0.833803
0.818248
0.896294
0.894291
0.80715
0.79476
0.859368
0.870296
0.834637
0.84922
0.892664
0.896518
0.883186
0.877136
0.848902
0.822256
0.842413
0.85042
0.802498
0.805852
0.905296
0.938986
0.846927
0.824251
0.928198
0.927077
0.773111
0.743921
0.895459
0.928185
0.787746
0.783791
0.954285
0.970497
0.796727
0.765371
0.912795
0.922392
0.772075
0.768274
0.924483
0.947057
0.820842
0.809026
0.917316
0.911305
0.796512
0.783553
0.868252
0.879937
0.82992
0.846543
0.903954
0.904878
0.872841
0.859441
0.840728
0.818424
0.831642
0.847034
0.828536
0.842481
0.911566
0.924419
0.852315
0.827334
0.878818
0.873407
0.80081
0.805102
0.888634
0.903811
0.842838
0.833682
0.879092
0.87254
0.822918
0.828864
0.883568
0.896305
0.861423
0.851212
0.871738
0.859436
0.814917
0.814029
0.864847
0.883176
0.850372
0.849236
0.89284
0.890106
0.834662
0.830751
0.885392
0.889618
0.834458
0.821838
0.856639
0.850439
0.81247
0.828205
0.886737
0.909484
0.894887
0.890049
0.886383
0.853914
0.812677
0.796678
0.804756
0.824064
0.852818
0.885824
0.910546
0.917486
0.903431
0.875094
0.845029
0.816676
0.793596
0.796853
0.833867
0.870297
0.882929
0.898506
0.922793
0.904141
0.837634
0.804973
0.83295
0.841495
0.811106
0.834067
0.915098
0.926496
0.850314
0.827277
0.881908
0.873224
0.792338
0.798913
0.897469
0.912618
0.833266
0.830232
0.908551
0.902593
0.816468
0.812503
0.884289
0.88084
0.811071
0.811632
0.87436
0.883287
0.84803
0.861805
0.906832
0.899327
0.851208
0.831304
0.837649
0.827987
0.813636
0.830915
0.867984
0.887571
0.887474
0.889449
0.892269
0.876909
0.847114
0.827955
0.824383
0.817786
0.810028
0.828027
0.871379
0.904389
0.91413
0.919456
0.914389
0.872056
0.808389
0.769715
0.767063
0.788393
0.837812
0.902563
0.94354
0.955934
0.952889
0.900829
0.796252
0.740393
0.780303
0.807067
0.782301
0.842211
0.991462
1.0132
0.876134
0.826811
0.904631
0.859463
0.694113
0.71177
0.910036
0.956046
0.832283
0.846786
0.987249
0.945094
0.7546
0.738873
0.884045
0.899469
0.798285
0.828906
0.953668
0.933582
0.803267
0.78771
0.873376
0.874551
0.806933
0.830609
0.919883
0.915023
0.831411
0.823535
0.88893
0.885674
0.816861
0.820802
0.88878
0.876452
0.795501
0.800572
0.887958
0.908657
0.864099
0.88147
0.935367
0.898574
0.803138
0.771943
0.794203
0.803223
0.82777
0.887918
0.926031
0.93724
0.953405
0.912505
0.792814
0.74466
0.821703
0.838234
0.754995
0.807638
1.00135
1.01306
0.823712
0.796876
0.950307
0.906274
0.685921
0.710603
0.952336
0.970753
0.785331
0.808468
0.994569
0.947673
0.732501
0.734136
0.903817
0.909629
0.800241
0.844604
0.971952
0.942498
0.814641
0.78765
0.831545
0.818355
0.789605
0.839152
0.92036
0.942044
0.913584
0.889007
0.86765
0.822421
0.774078
0.776493
0.8298
0.869076
0.872677
0.897018
0.943956
0.923501
0.835074
0.80803
0.86048
0.849992
0.768523
0.788885
0.910183
0.919304
0.81271
0.83076
0.970322
0.955813
0.791678
0.784588
0.927955
0.89119
0.698433
0.723407
0.944709
0.961238
0.789157
0.830977
1.04211
0.992314
0.734832
0.720867
0.912226
0.883334
0.693117
0.754217
0.989268
0.987937
0.811984
0.829917
0.977121
0.92718
0.754565
0.76043
0.884902
0.869676
0.769207
0.80621
0.928728
0.932046
0.849654
0.86009
0.933276
0.898563
0.784838
0.776043
0.861915
0.858703
0.778669
0.819827
0.959049
0.961028
0.835778
0.831112
0.932473
0.883181
0.722881
0.742656
0.908107
0.920205
0.807348
0.847214
0.98472
0.93933
0.773884
0.769917
0.88432
0.873754
0.785867
0.83007
0.942843
0.92301
0.821235
0.816737
0.877265
0.86301
0.810696
0.838689
0.905573
0.897096
0.840324
0.834553
0.86476
0.854189
0.823395
0.843787
0.892626
0.892477
0.85314
0.846846
0.869415
0.853753
0.811678
0.825006
0.884369
0.890181
0.842495
0.849444
0.90609
0.886031
0.802907
0.811919
0.900177
0.892569
0.804263
0.821465
0.916948
0.892925
0.788186
0.808488
0.912185
0.903121
0.825421
0.846966
0.911567
0.880927
0.815995
0.818736
0.83975
0.839483
0.864276
0.886004
0.85645
0.859952
0.925286
0.897709
0.769367
0.774655
0.916839
0.905325
0.754767
0.804901
1.01027
0.970718
0.741367
0.760158
0.965841
0.909902
0.680965
0.748758
1.01126
0.983165
0.75794
0.802433
1.01297
0.937694
0.693698
0.733215
0.952428
0.919684
0.731716
0.794868
1.00502
0.960064
0.756765
0.790621
0.974827
0.925045
0.728561
0.769191
0.960507
0.915605
0.721193
0.771636
0.982275
0.952647
0.764841
0.817065
1.01445
0.946633
0.712313
0.734074
0.925789
0.883049
0.706604
0.794497
1.0296
1.00329
0.811573
0.830029
0.961227
0.868994
0.675756
0.715233
0.887873
0.899432
0.829116
0.90188
1.01335
0.957906
0.824724
0.789822
0.80627
0.778854
0.768706
0.832905
0.905296
0.936674
0.945006
0.918421
0.849921
0.805559
0.813285
0.808826
0.791226
0.843539
0.93428
0.933759
0.860066
0.847474
0.88037
0.84081
0.772749
0.806634
0.895078
0.90292
0.86075
0.875352
0.909034
0.872071
0.809304
0.809427
0.844826
0.844802
0.829192
0.85605
0.903598
0.902774
0.863244
0.864331
0.900125
0.869224
0.782812
0.786337
0.873792
0.862583
0.771603
0.832024
1.00071
0.976204
0.80142
0.818038
0.9653
0.873002
0.646704
0.714267
0.9654
0.949887
0.773327
0.858874
1.06095
0.955319
0.703207
0.730247
0.90753
0.871211
0.749764
0.843333
1.00189
0.946326
0.799428
0.797946
0.862386
0.83513
0.796649
0.859956
0.940418
0.927816
0.865764
0.835792
0.825856
0.798348
0.783823
0.831541
0.909898
0.935509
0.90392
0.890154
0.893656
0.834412
0.746995
0.766736
0.868811
0.887993
0.838632
0.885415
0.979841
0.921818
0.776495
0.783709
0.890632
0.858232
0.753915
0.82052
0.967929
0.931974
0.79813
0.829025
0.941232
0.885605
0.755604
0.797531
0.919381
0.884081
0.780144
0.831117
0.948968
0.918146
0.816381
0.840387
0.914526
0.859228
0.757135
0.789997
0.890422
0.890071
0.842303
0.885622
0.95113
0.899726
0.798835
0.793062
0.841835
0.830677
0.804593
0.861145
0.939193
0.926482
0.863515
0.850955
0.862751
0.825839
0.783664
0.815062
0.878846
0.889578
0.868308
0.880563
0.900301
0.868581
0.820654
0.826358
0.861345
0.85928
0.838361
0.855169
0.883832
0.864813
0.826953
0.83681
0.872929
0.873397
0.857149
0.875119
0.897738
0.871554
0.826725
0.818771
0.831747
0.831837
0.838853
0.870206
0.896074
0.897767
0.88868
0.867296
0.833308
0.822021
0.84191
0.845912
0.832416
0.859812
0.907897
0.887514
0.824854
0.832808
0.886016
0.865169
0.809029
0.846917
0.923782
0.892493
0.809209
0.825423
0.886872
0.8541
0.793083
0.838271
0.918062
0.901579
0.847853
0.860989
0.88566
0.849012
0.809953
0.822606
0.844527
0.854377
0.876087
0.887132
0.86838
0.869661
0.893143
0.861779
0.797235
0.812888
0.879723
0.86623
0.812623
0.858936
0.943314
0.904373
0.80655
0.821021
0.888066
0.845003
0.767224
0.82836
0.945751
0.923861
0.829851
0.856898
0.932123
0.857342
0.727977
0.778795
0.91966
0.895498
0.792228
0.866206
1.00356
0.918487
0.739211
0.785002
0.935775
0.870196
0.723017
0.823101
1.0119
0.932533
0.741415
0.805663
0.972382
0.881472
0.703667
0.808139
1.01287
0.933267
0.742146
0.815112
0.978406
0.874655
0.694217
0.791997
0.981159
0.92216
0.783391
0.856294
0.970916
0.879578
0.749801
0.791977
0.873347
0.856074
0.845198
0.892069
0.902823
0.888282
0.899547
0.849512
0.744511
0.776429
0.913847
0.890534
0.770634
0.87018
1.05836
0.941968
0.691184
0.76289
0.97631
0.863819
0.645597
0.80169
1.07417
0.960935
0.715498
0.819866
1.02452
0.891127
0.678309
0.791718
0.985669
0.89761
0.744674
0.827438
0.952596
0.881282
0.782243
0.838361
0.91299
0.879401
0.83964
0.863421
0.877139
0.85827
0.851118
0.838079
0.807516
0.821221
0.873972
0.876605
0.849732
0.893207
0.953122
0.899311
0.796506
0.797712
0.849593
0.815402
0.770468
0.853617
0.966385
0.940701
0.85219
0.857979
0.891173
0.820921
0.742964
0.806615
0.917491
0.908536
0.846348
0.875775
0.921944
0.848166
0.753919
0.804043
0.910524
0.899726
0.841624
0.887398
0.945109
0.858424
0.738418
0.770762
0.8692
0.862049
0.829698
0.915854
1.00626
0.9332
0.80092
0.787963
0.825377
0.776169
0.734499
0.840709
0.981323
0.975559
0.895265
0.899907
0.917013
0.806634
0.685864
0.742664
0.876502
0.88595
0.848689
0.93238
1.01846
0.921066
0.772129
0.781875
0.849977
0.803165
0.751952
0.845252
0.955283
0.929508
0.866555
0.88354
0.900037
0.843944
0.795714
0.808485
0.828827
0.837457
0.862409
0.882856
0.880577
0.893845
0.913109
0.873482
0.807276
0.810393
0.850395
0.830773
0.802581
0.866175
0.945412
0.915748
0.843942
0.850014
0.873738
0.819561
0.769813
0.82558
0.905685
0.904507
0.875172
0.888982
0.891463
0.835519
0.787951
0.802475
0.839401
0.865686
0.89485
0.915504
0.902709
0.875325
0.85008
0.808749
0.774039
0.803769
0.870056
0.889342
0.879614
0.913703
0.944342
0.88175
0.7932
0.798854
0.843942
0.814075
0.776207
0.847563
0.94254
0.921389
0.861223
0.898519
0.9461
0.862439
0.749716
0.773809
0.847481
0.81381
0.772103
0.879681
1.00891
0.963029
0.849891
0.865865
0.90677
0.793838
0.675091
0.770379
0.932418
0.913277
0.835762
0.923155
1.01727
0.879421
0.698578
0.760005
0.900004
0.844109
0.759678
0.898812
1.05066
0.933567
0.752258
0.79603
0.891981
0.80014
0.713687
0.853688
1.01192
0.955444
0.844835
0.867109
0.889799
0.79123
0.721439
0.795973
0.894188
0.914156
0.914161
0.927711
0.901988
0.837663
0.792615
0.779885
0.791446
0.841819
0.906698
0.925622
0.90447
0.896334
0.885092
0.825775
0.770621
0.798775
0.860634
0.860145
0.838658
0.886871
0.940605
0.889326
0.812353
0.846087
0.908019
0.850801
0.771407
0.83007
0.914907
0.85523
0.775999
0.853259
0.952045
0.895048
0.81459
0.869642
0.926385
0.848973
0.77133
0.81229
0.864247
0.849574
0.849651
0.888195
0.897044
0.886185
0.886762
0.847765
0.788105
0.820134
0.897102
0.864199
0.795881
0.869781
0.965565
0.872858
0.74669
0.827754
0.9486
0.864912
0.757943
0.862679
0.979639
0.876907
0.753588
0.830475
0.925689
0.849491
0.773232
0.858226
0.944127
0.886932
0.819192
0.857743
0.893886
0.839121
0.791542
0.83084
0.879988
0.869673
0.85574
0.888399
0.910756
0.871061
0.822264
0.824513
0.842219
0.827932
0.821873
0.86792
0.913065
0.897258
0.861881
0.863182
0.866223
0.830184
0.804384
0.835702
0.875514
0.872253
0.859806
0.873926
0.880496
0.854761
0.834932
0.845776
0.859258
0.859148
0.860475
0.861915
0.854256
0.852876
0.861543
0.856387
0.845914
0.863768
0.884706
0.859145
0.822995
0.840049
0.87201
0.8545
0.835574
0.878479
0.917889
0.877402
0.82149
0.831216
0.852916
0.822783
0.80643
0.866111
0.925601
0.906789
0.865738
0.867015
0.862655
0.812838
0.784129
0.823051
0.872293
0.888373
0.898325
0.903654
0.878131
0.849198
0.839747
0.810069
0.780047
0.836658
0.923826
0.895231
0.825348
0.892618
0.975329
0.852853
0.70357
0.807904
0.957171
0.839885
0.704213
0.881335
1.07147
0.907641
0.708285
0.849664
1.00391
0.813062
0.633254
0.824324
1.03069
0.898584
0.753573
0.903703
1.02764
0.848141
0.68041
0.794881
0.924579
0.840732
0.775332
0.905882
1.00452
0.903833
0.796316
0.831169
0.866018
0.802287
0.771645
0.850125
0.919063
0.903915
0.87905
0.886688
0.874934
0.831845
0.808363
0.818442
0.837201
0.860362
0.88611
0.893336
0.88166
0.871639
0.858156
0.82959
