0.816018
0.841239
0.865803
0.879772
0.892378
0.886264
0.857863
0.831223
0.8106
0.824905
0.872779
0.886689
0.883869
0.910531
0.893479
0.79874
0.798087
0.863887
0.819066
0.846083
0.958447
0.94998
0.801372
0.841998
0.91684
0.745555
0.796828
0.981777
0.92885
0.760302
0.922694
1.00394
0.726701
0.782485
0.983132
0.846632
0.771498
0.973233
1.0097
0.764438
0.822403
0.956758
0.783605
0.775308
0.932852
0.925038
0.828074
0.896919
0.928723
0.815454
0.78942
0.838445
0.846977
0.870277
0.90815
0.907834
0.879031
0.838536
0.799214
0.810859
0.848907
0.871819
0.896626
0.912293
0.882226
0.829754
0.822216
0.827608
0.833081
0.864822
0.893749
0.884812
0.864248
0.854289
0.843748
0.842837
0.851749
0.85635
0.866913
0.867957
0.84769
0.850843
0.874895
0.858999
0.841578
0.867539
0.861986
0.823657
0.851172
0.895136
0.86735
0.856186
0.882271
0.85596
0.800485
0.832841
0.867568
0.856947
0.87827
0.912817
0.883462
0.823904
0.831863
0.833767
0.815944
0.855189
0.90702
0.89219
0.863687
0.878697
0.859454
0.800625
0.828433
0.883599
0.848367
0.852068
0.916586
0.893847
0.796956
0.848517
0.895084
0.804269
0.833664
0.936088
0.889682
0.787526
0.87421
0.891213
0.788503
0.841694
0.931975
0.880782
0.835542
0.876333
0.853432
0.80031
0.830602
0.866821
0.88759
0.903741
0.881913
0.860672
0.862638
0.807772
0.787623
0.867142
0.886258
0.844497
0.893904
0.940836
0.85412
0.812273
0.86556
0.845874
0.7948
0.853846
0.882354
0.850251
0.86648
0.903297
0.890162
0.859603
0.85165
0.827127
0.80432
0.822047
0.860996
0.899286
0.921142
0.905408
0.863902
0.826403
0.786738
0.790137
0.870246
0.922854
0.906935
0.902112
0.905349
0.79854
0.734977
0.850679
0.88506
0.845332
0.940533
1.00833
0.85017
0.739544
0.849655
0.818327
0.764135
0.945863
1.03374
0.874472
0.808268
0.872614
0.780923
0.747871
0.90627
0.962094
0.89027
0.888483
0.90929
0.795054
0.740282
0.838302
0.872337
0.86745
0.932322
0.965342
0.872233
0.802185
0.831878
0.809564
0.779513
0.871399
0.914965
0.873692
0.881577
0.919433
0.875313
0.802831
0.826582
0.823039
0.802758
0.857643
0.91465
0.921029
0.911243
0.8793
0.825204
0.801225
0.787421
0.815524
0.909423
0.949796
0.892256
0.872165
0.888176
0.776449
0.753303
0.89446
0.918947
0.836682
0.907954
0.966766
0.784879
0.753878
0.905473
0.881994
0.790173
0.947072
1.02017
0.796718
0.76985
0.889568
0.809283
0.786236
0.943133
0.976044
0.851096
0.853786
0.899234
0.807057
0.773259
0.835292
0.848375
0.866224
0.905051
0.913167
0.925977
0.908902
0.799399
0.772042
0.830112
0.785253
0.849766
0.990254
1.0076
0.879275
0.857018
0.871836
0.698005
0.756882
0.926605
0.933206
0.893003
0.978269
0.991858
0.786875
0.728115
0.82493
0.799065
0.845531
0.977788
1.00244
0.878751
0.83284
0.848796
0.759357
0.781432
0.895361
0.916444
0.876963
0.892925
0.890124
0.815237
0.812114
0.858366
0.876811
0.882466
0.873148
0.837454
0.827133
0.826281
0.835577
0.900756
0.948125
0.898465
0.844915
0.838351
0.790217
0.76722
0.863401
0.917297
0.904512
0.901848
0.897665
0.839405
0.79177
0.826048
0.849735
0.853665
0.877402
0.892905
0.855195
0.832358
0.867852
0.866727
0.828886
0.879276
0.927044
0.824797
0.804497
0.896365
0.843436
0.742996
0.920318
0.997182
0.816205
0.835115
0.95705
0.825556
0.701938
0.909791
0.941871
0.779995
0.892241
0.998221
0.83599
0.750378
0.888161
0.868146
0.777593
0.891965
0.951568
0.850708
0.836
0.8803
0.853319
0.824149
0.849857
0.853564
0.853629
0.862387
0.863692
0.881671
0.894203
0.849521
0.827892
0.851311
0.834065
0.817477
0.888518
0.916281
0.854777
0.850774
0.887553
0.827392
0.786521
0.887514
0.902973
0.813461
0.864445
0.932393
0.818031
0.794257
0.921366
0.903942
0.77219
0.87457
0.9475
0.784096
0.815009
0.950233
0.899526
0.77812
0.905945
0.939848
0.75805
0.814961
0.932159
0.852723
0.807189
0.939308
0.942655
0.792147
0.828545
0.89513
0.799718
0.810106
0.908874
0.900895
0.846669
0.883563
0.896999
0.828893
0.816515
0.83975
0.841571
0.856497
0.883102
0.890492
0.885933
0.865259
0.834702
0.826254
0.834191
0.84405
0.866831
0.885074
0.881643
0.866512
0.847993
0.838028
0.849053
0.859724
0.861261
0.869659
0.865839
0.831629
0.8298
0.860016
0.872296
0.878597
0.901588
0.888892
0.829969
0.809335
0.828244
0.832302
0.860532
0.915758
0.918238
0.860964
0.839769
0.841716
0.794249
0.821821
0.907286
0.915084
0.865912
0.884193
0.884693
0.774995
0.78799
0.874137
0.874833
0.874223
0.945587
0.945131
0.836659
0.793349
0.80147
0.791769
0.843524
0.912102
0.937754
0.925196
0.883392
0.820006
0.788955
0.801457
0.829842
0.88822
0.930469
0.910168
0.861907
0.838296
0.811899
0.808534
0.853881
0.895076
0.907139
0.896259
0.857924
0.823513
0.819237
0.815351
0.842913
0.904367
0.919529
0.882781
0.868406
0.854519
0.791241
0.794259
0.85151
0.877287
0.891344
0.914393
0.904296
0.856856
0.821737
0.807236
0.82058
0.854972
0.877438
0.892309
0.898534
0.873514
0.835816
0.82458
0.830605
0.847527
0.875397
0.892408
0.890489
0.870729
0.829164
0.80456
0.821852
0.846506
0.877392
0.919514
0.93088
0.888489
0.838623
0.804548
0.782136
0.805151
0.862747
0.910136
0.937976
0.92919
0.879778
0.835594
0.805669
0.766697
0.81538
0.897039
0.902082
0.88491
0.932766
0.923237
0.796776
0.801785
0.864613
0.811616
0.818272
0.921857
0.915358
0.828111
0.867381
0.907087
0.816171
0.810599
0.889159
0.861879
0.803006
0.881684
0.921213
0.823689
0.840481
0.915687
0.854036
0.7767
0.904219
0.927897
0.783397
0.850188
0.948211
0.820061
0.764685
0.941055
0.93177
0.753749
0.880916
0.972993
0.780196
0.786655
0.948807
0.892954
0.749976
0.905628
0.963836
0.786425
0.823327
0.930735
0.85236
0.777268
0.908783
0.922477
0.816443
0.84796
0.893977
0.821213
0.805111
0.883087
0.889622
0.860855
0.878943
0.877815
0.824471
0.816075
0.843571
0.861851
0.878016
0.887686
0.874583
0.849319
0.832981
0.835331
0.852903
0.871447
0.885902
0.879106
0.84635
0.836695
0.850285
0.832272
0.839134
0.900574
0.89659
0.835602
0.864383
0.892772
0.798221
0.80638
0.897944
0.871499
0.819749
0.909856
0.938188
0.817643
0.814947
0.868319
0.820227
0.808841
0.894649
0.90925
0.879417
0.875026
0.858556
0.835987
0.832307
0.812351
0.843734
0.898849
0.878152
0.84675
0.907399
0.898652
0.791148
0.830022
0.897634
0.830595
0.8224
0.931226
0.902954
0.775904
0.85048
0.913406
0.805434
0.845508
0.968967
0.914833
0.758236
0.850718
0.88699
0.755092
0.869704
0.998453
0.930984
0.817068
0.901197
0.880305
0.711939
0.82374
0.92676
0.864612
0.871574
0.968882
0.930606
0.79469
0.811113
0.840013
0.784674
0.837768
0.920085
0.911395
0.87443
0.898792
0.889878
0.798641
0.802492
0.855018
0.831229
0.829244
0.918807
0.921315
0.835025
0.858766
0.904155
0.821199
0.792363
0.901196
0.873456
0.773812
0.875595
0.936759
0.811979
0.843828
0.969692
0.909852
0.753046
0.864368
0.89925
0.73376
0.857813
0.993729
0.910766
0.814253
0.944236
0.934075
0.710063
0.810326
0.911722
0.822478
0.853139
0.971741
0.933987
0.809941
0.824805
0.839439
0.805821
0.847858
0.894026
0.901004
0.893034
0.865533
0.830196
0.824851
0.81856
0.827942
0.868593
0.898582
0.908587
0.902406
0.866029
0.834813
0.822482
0.79297
0.816571
0.886318
0.8999
0.879953
0.896971
0.89172
0.823409
0.811465
0.842436
0.841936
0.849425
0.876241
0.881178
0.87758
0.869903
0.850199
0.850407
0.851196
0.815764
0.829762
0.878767
0.87705
0.868059
0.911964
0.91187
0.818628
0.80359
0.835388
0.796149
0.816023
0.927821
0.947271
0.883595
0.891334
0.90255
0.789779
0.741316
0.836852
0.836277
0.840019
0.954288
0.998965
0.890301
0.816484
0.853203
0.762252
0.727355
0.899177
0.957939
0.897823
0.917933
0.947094
0.829247
0.729274
0.823472
0.852697
0.85757
0.920485
0.94037
0.868246
0.809629
0.817587
0.823162
0.850697
0.889718
0.901911
0.888786
0.858671
0.825762
0.824331
0.843303
0.853845
0.86786
0.881849
0.870474
0.853942
0.859861
0.866227
0.857293
0.852378
0.845243
0.833622
0.83741
0.851975
0.875889
0.907051
0.899844
0.85444
0.840693
0.829689
0.779272
0.828764
0.911117
0.908017
0.882933
0.916805
0.894509
0.77823
0.784763
0.833564
0.831769
0.871966
0.934367
0.931478
0.894668
0.854736
0.807268
0.799591
0.81417
0.826017
0.886012
0.936676
0.917106
0.879786
0.873096
0.823746
0.770123
0.80488
0.857179
0.896519
0.933956
0.936276
0.899929
0.848118
0.777169
0.749961
0.823821
0.876664
0.907459
0.954826
0.963778
0.875527
0.78234
0.794054
0.775164
0.798748
0.91541
0.966248
0.908548
0.884686
0.898994
0.819161
0.75875
0.840206
0.869638
0.848886
0.891083
0.918634
0.874815
0.841563
0.844977
0.834766
0.845088
0.849491
0.849801
0.898207
0.905918
0.817538
0.835674
0.88579
0.805461
0.79695
0.950434
0.947514
0.818278
0.868509
0.90788
0.748822
0.767533
0.9131
0.888826
0.838901
0.935019
0.953137
0.797233
0.792013
0.876894
0.825279
0.802418
0.905041
0.905801
0.817698
0.859399
0.911814
0.875072
0.856088
0.890635
0.850985
0.788526
0.807929
0.841826
0.872041
0.909957
0.916008
0.900711
0.878167
0.816447
0.780823
0.841313
0.854149
0.840917
0.902734
0.932761
0.848471
0.8156
0.886878
0.84489
0.793256
0.881231
0.909894
0.815718
0.845543
0.913425
0.855612
0.810955
0.895228
0.899631
0.802989
0.842184
0.890213
0.82333
0.818392
0.921839
0.910565
0.83633
0.869322
0.884892
0.787166
0.791915
0.880794
0.870193
0.853731
0.922926
0.932356
0.819475
0.805157
0.858619
0.808397
0.804484
0.92022
0.933115
0.83565
0.866833
0.91154
0.825658
0.794076
0.897305
0.870361
0.799875
0.866807
0.902923
0.841702
0.855922
0.914123
0.879491
0.82921
0.828511
0.818572
0.827322
0.855292
0.874618
0.916524
0.934328
0.866335
0.810636
0.839352
0.79172
0.784954
0.902998
0.949686
0.888453
0.886112
0.901582
0.808981
0.758085
0.843385
0.87911
0.878866
0.916247
0.925492
0.853051
0.797191
0.826848
0.830587
0.835146
0.894312
0.918418
0.857484
0.835149
0.883899
0.850638
0.813537
0.878036
0.8894
0.798126
0.83017
0.892616
0.855936
0.848746
0.922442
0.914697
0.821956
0.821931
0.834848
0.800521
0.83021
0.898977
0.913562
0.901116
0.88955
0.857574
0.812427
0.800238
0.826922
0.856106
0.880668
0.905008
0.899845
0.846662
0.832217
0.856767
0.829151
0.824207
0.899741
0.898506
0.812114
0.857643
0.908224
0.839574
0.828495
0.921182
0.875972
0.784111
0.843041
0.877207
0.833451
0.873701
0.932271
0.894803
0.835746
0.8284
0.816732
0.812775
0.853537
0.890996
0.901366
0.892511
0.871726
0.840084
0.814406
0.82546
0.854085
0.866815
0.88071
0.901853
0.874852
0.82678
0.833289
0.846704
0.832923
0.863962
0.906342
0.885577
0.848582
0.848736
0.838563
0.821227
0.84919
0.8768
0.880544
0.875798
0.860677
0.844546
0.848741
0.844359
0.844114
0.8713
0.876218
0.841424
0.849329
0.870891
0.848893
0.84453
0.884878
0.882183
0.839806
0.850785
0.860763
0.82742
0.832179
0.879528
0.877553
0.860981
0.878948
0.877886
0.833738
0.82876
0.861489
0.849278
0.840037
0.877828
0.879405
0.824943
0.850279
0.8957
0.859653
0.840082
0.900094
0.879935
0.780984
0.833862
0.884112
0.824114
0.850318
0.958837
0.917016
0.811949
0.849067
0.861283
0.777261
0.828172
0.914335
0.886435
0.850238
0.888691
0.875662
0.793678
0.831252
0.888222
0.856749
0.84698
0.908722
0.886152
0.790606
0.837928
0.88258
0.824066
0.845428
0.940914
0.900071
0.822799
0.852064
0.856136
0.813155
0.838447
0.866244
0.8792
0.892856
0.854582
0.835465
0.903212
0.859466
0.776748
0.883118
0.924882
0.773857
0.834004
0.986723
0.880428
0.761554
0.918569
0.927434
0.713433
0.841031
0.967437
0.830492
0.795932
0.966128
0.937985
0.761347
0.853729
0.914484
0.779852
0.792962
0.924572
0.886705
0.839634
0.906355
0.917557
0.830061
0.810791
0.84106
0.819654
0.832023
0.884426
0.901536
0.884008
0.883111
0.879713
0.840964
0.81451
0.8391
0.83242
0.811786
0.87944
0.929474
0.880344
0.87118
0.942492
0.875512
0.727199
0.833855
0.875637
0.760488
0.885319
1.03313
0.937435
0.792247
0.890217
0.88202
0.693653
0.823159
0.928002
0.830679
0.840168
0.971744
0.946237
0.81573
0.851836
0.867595
0.765575
0.774972
0.857242
0.881833
0.912331
0.945197
0.932266
0.883633
0.81549
0.746673
0.78115
0.843547
0.868298
0.925587
0.988212
0.942536
0.827584
0.816896
0.808779
0.752828
0.834758
0.920069
0.901958
0.878074
0.908732
0.885115
0.798026
0.81866
0.854923
0.825547
0.838458
0.903365
0.897157
0.847556
0.87552
0.888952
0.813147
0.806323
0.890232
0.855174
0.820287
0.912461
0.935847
0.808594
0.817891
0.913415
0.809014
0.777825
0.932401
0.943408
0.803601
0.876397
0.950532
0.799325
0.749938
0.894603
0.874025
0.829414
0.928718
0.968832
0.858072
0.80158
0.842109
0.80219
0.813682
0.88252
0.911319
0.914859
0.898035
0.835371
0.833551
0.847964
0.776056
0.818924
0.956722
0.902397
0.811885
0.921975
0.945222
0.725834
0.791868
0.946474
0.818543
0.797466
0.982546
0.978112
0.753632
0.830863
0.913123
0.763045
0.785512
0.947429
0.928345
0.852375
0.904338
0.911757
0.80387
0.777044
0.829753
0.834266
0.865179
0.925967
0.941048
0.897074
0.855465
0.829618
0.772683
0.776509
0.865284
0.90936
0.900015
0.939892
0.963563
0.851777
0.757905
0.821722
0.792624
0.789516
0.934479
0.999006
0.907565
0.874102
0.93179
0.82588
0.704825
0.824964
0.864624
0.839811
0.930135
0.986191
0.924885
0.851771
0.797143
0.765087
0.82528
0.835994
0.858601
0.963773
0.979968
0.819645
0.797488
0.896321
0.759812
0.776886
0.97074
0.976409
0.829515
0.887658
0.934107
0.76509
0.738895
0.863338
0.877247
0.900119
0.951985
0.944224
0.881796
0.812766
0.743731
0.788923
0.858849
0.870747
0.910272
0.968398
0.920865
0.799249
0.815956
0.832564
0.784551
0.84687
0.937855
0.902666
0.850945
0.876117
0.860757
0.791293
0.831836
0.892971
0.870445
0.859052
0.89356
0.865826
0.790295
0.829926
0.87262
0.85299
0.873255
0.922914
0.887421
0.811693
0.826101
0.837467
0.825021
0.867516
0.911741
0.895244
0.865821
0.841646
0.822988
0.836803
0.854212
0.863848
0.891144
0.890668
0.84137
0.82511
0.849914
0.845478
0.856971
0.889186
0.887172
0.856164
0.83641
0.827843
0.840673
0.865903
0.876056
0.885437
0.891671
0.849142
0.810041
0.830379
0.848499
0.852893
0.894211
0.920608
0.881758
0.8371
0.829326
0.81476
0.815073
0.866169
0.902416
0.89345
0.877106
0.867473
0.831388
0.808454
0.846113
0.8768
0.868449
0.87536
0.892119
0.841404
0.807036
0.856636
0.876747
0.844937
0.881042
0.918357
0.837608
0.796518
0.868284
0.868932
0.823492
0.90128
0.943647
0.830972
0.786589
0.870146
0.830486
0.810644
0.933668
0.976744
0.849638
0.818636
0.900954
0.792331
0.767362
0.92635
0.947452
0.809077
0.862995
0.948692
0.797382
0.777371
0.927799
0.919752
0.809132
0.890233
0.927318
0.789685
0.772761
0.864953
0.852188
0.865823
0.932918
0.946411
0.897113
0.846294
0.79406
0.772792
0.799978
0.836198
0.900386
0.961585
0.951963
0.889522
0.851034
0.803286
0.754472
0.798345
0.872922
0.916317
0.938702
0.929682
0.880709
0.821997
0.773193
0.777266
0.847248
0.904107
0.916911
0.925051
0.918194
0.844378
0.781707
0.804342
0.830134
0.851106
0.899756
0.919431
0.889462
0.855326
0.835418
0.824134
0.835552
0.855847
0.871951
0.884535
0.876721
0.849649
0.835605
0.833678
0.834349
0.854625
0.882238
0.898032
0.900038
0.876987
0.837694
0.816782
0.806732
0.809696
0.862806
0.908873
0.907062
0.893035
0.886046
0.847057
0.798123
0.821753
0.84804
0.846361
0.864136
0.890906
0.874482
0.852988
0.874056
0.876586
0.835933
0.834824
0.866431
0.830651
0.828056
0.897077
0.901786
0.829154
0.860087
0.908226
0.818326
0.811025
0.913348
0.886592
0.777638
0.86546
0.907501
0.798975
0.841152
0.960508
0.904246
0.794921
0.867596
0.867918
0.746553
0.831015
0.946175
0.888895
0.85633
0.92061
0.89439
0.773367
0.81471
0.873019
0.827501
0.846731
0.913216
0.890124
0.830388
0.865897
0.88037
0.839489
0.839585
0.863383
0.840361
0.828978
0.858684
0.876095
0.87644
0.885194
0.885303
0.85364
0.825938
0.824617
0.831396
0.845758
0.877686
0.898317
0.889422
0.871816
0.857902
0.831515
0.809515
0.830976
0.857202
0.869207
0.891177
0.909981
0.884206
0.837075
0.825763
0.81669
0.811353
0.858137
0.907689
0.905969
0.888224
0.872701
0.836174
0.805636
0.820144
0.850348
0.882727
0.897343
0.875736
0.858051
0.858205
0.818207
0.818403
0.883244
0.895412
0.852229
0.87981
0.903038
0.816859
0.799757
0.869728
0.854478
0.822771
0.899673
0.929713
0.855462
0.843733
0.887692
0.828365
0.782136
0.85928
0.879467
0.83541
0.886089
0.943502
0.868826
0.813073
0.852309
0.838513
0.80195
0.871452
0.915369
0.87984
0.856849
0.854961
0.823337
0.813324
0.849679
0.882227
0.902331
0.899595
0.866075
0.834159
0.817882
0.805476
0.83607
0.88906
0.905105
0.892751
0.888788
0.863655
0.816149
0.808789
0.835893
0.851225
0.872476
0.899513
0.899837
0.873302
0.849711
0.831995
0.815336
0.824855
0.855251
0.879477
0.891002
0.894328
0.880504
0.8508
0.830468
0.83118
0.834967
0.84248
0.867643
0.879693
0.865712
0.868578
0.887078
0.863674
0.832974
0.855391
0.847632
0.800151
0.839514
0.899582
0.870128
0.868798
0.922844
0.898198
0.795006
0.819222
0.85723
0.795049
0.842361
0.943496
0.912629
0.818566
0.883498
0.899262
0.78216
0.817857
0.918792
0.854249
0.808949
0.899119
0.899603
0.806699
0.860748
0.93163
0.848842
0.814586
0.870222
0.85152
0.806638
0.867753
0.901383
0.865018
0.857832
0.875735
0.854447
0.830677
0.852917
0.856951
0.835429
0.841588
0.866014
0.866176
0.873365
0.899482
0.8925
0.845936
0.823992
0.823732
0.809967
0.837765
0.889108
0.904988
0.893615
0.887349
0.866021
0.829553
0.818934
0.830459
0.847023
0.866639
0.877482
0.877966
0.872269
0.857513
0.842473
0.839547
0.846822
0.86422
0.877164
0.871304
0.866568
0.860833
0.817528
0.810997
0.862638
0.88199
0.875324
0.917768
0.92989
0.828566
0.780896
0.82384
0.813553
0.839959
0.937424
0.968725
0.896856
0.846214
0.828981
0.762709
0.779081
0.865635
0.914902
0.929914
0.935837
0.908357
0.840215
0.786552
0.775751
0.802929
0.852519
0.904024
0.935129
0.926359
0.897958
0.875236
0.817614
0.753518
0.814949
0.851982
0.830753
0.904435
0.98282
0.902293
0.794121
0.866377
0.851349
0.737622
0.870579
0.988129
0.866228
0.818774
0.904799
0.846525
0.725672
0.880012
0.960505
0.864983
0.855998
0.91598
0.829736
0.737628
0.859978
0.905487
0.846715
0.885461
0.935764
0.8338
0.768965
0.860258
0.876873
0.837232
0.904166
0.948898
0.8442
0.789439
0.841283
0.82969
0.815352
0.903343
0.936943
0.87403
0.844361
0.855352
0.822349
0.813218
0.87253
0.893881
0.865911
0.858167
0.859203
0.824648
0.825955
0.874322
0.890178
0.86932
0.873834
0.875465
0.818448
0.812847
0.866154
0.87285
0.855046
0.893459
0.897445
0.826152
0.816891
0.858744
0.852307
0.853796
0.900455
0.898874
0.845807
0.826351
0.832297
0.825854
0.851032
0.895483
0.904784
0.875913
0.858409
0.848031
0.801425
0.814944
0.885351
0.891331
0.854535
0.903651
0.920851
0.797172
0.798263
0.890342
0.843559
0.80832
0.928345
0.947513
0.808971
0.830239
0.907802
0.811983
0.797515
0.91388
0.906768
0.801068
0.861987
0.923035
0.816847
0.825986
0.925229
0.896378
0.794487
0.864316
0.888421
0.770675
0.830124
0.945465
0.902102
0.831086
0.927266
0.924476
0.748479
0.782827
0.880786
0.82657
0.867797
0.97453
0.969602
0.862831
0.823761
0.798773
0.766136
0.812725
0.864901
0.931953
0.98428
0.921295
0.813049
0.85056
0.809068
0.697913
0.875714
0.994061
0.879044
0.866233
0.963586
0.887456
0.693724
0.822757
0.876993
0.811365
0.897029
0.988926
0.932051
0.825632
0.841492
0.807706
0.746634
0.823334
0.908659
0.91916
0.932766
0.951182
0.904491
0.804327
0.763881
0.777258
0.809504
0.883921
0.94885
0.958626
0.923503
0.863584
0.790098
0.769495
0.794307
0.839627
0.926756
0.981516
0.922645
0.855181
0.857803
0.784439
0.710044
0.860163
0.929072
0.868362
0.915321
0.997383
0.896313
0.697585
0.833398
0.837378
0.711989
0.912611
1.0519
0.90744
0.804698
0.950914
0.914673
0.648874
0.846408
0.967863
0.798214
0.860654
1.00537
0.939199
0.765788
0.865271
0.888235
0.774971
0.825106
0.891184
0.881568
0.891002
0.878629
0.854222
0.880813
0.834471
0.751405
0.88719
0.94719
0.805095
0.851096
0.963852
0.833163
0.723697
0.923764
0.952555
0.769954
0.880113
0.989112
0.802558
0.745507
0.912884
0.886862
0.772645
0.916691
0.986289
0.829026
0.80118
0.880057
0.831754
0.787988
0.885552
0.911119
0.864095
0.864807
0.874925
0.843035
0.827293
0.845414
0.853171
0.857122
0.863806
0.866736
0.866969
0.866574
0.865312
0.858581
0.844978
0.838174
0.838527
0.837272
0.859626
0.895194
0.899723
0.879363
0.872254
0.842861
0.784656
0.800201
0.857185
0.881582
0.909902
0.946171
0.922986
0.84514
0.794171
0.778384
0.798483
0.854111
0.899399
0.926428
0.930575
0.881918
0.816505
0.830486
0.832921
0.808352
0.863602
0.910367
0.839148
0.823499
0.900009
0.888395
0.826055
0.898513
0.939425
0.794287
0.778595
0.875283
0.824506
0.794928
0.960207
1.00948
0.847572
0.822863
0.879443
0.757823
0.747316
0.909015
0.939063
0.873372
0.921282
0.954364
0.813014
0.733794
0.823548
0.820303
0.824817
0.951101
1.00076
0.895905
0.83275
0.852483
0.78266
0.74129
0.874927
0.921975
0.866905
0.894505
0.938895
0.843659
0.759081
0.87037
0.876029
0.792072
0.884006
0.955796
0.821809
0.790229
0.908181
0.867981
0.765967
0.914387
0.987187
0.820579
0.810003
0.908854
0.815843
0.731444
0.907021
0.950863
0.854579
0.880982
0.921605
0.825191
0.762359
0.820099
0.848318
0.886143
0.911122
0.895391
0.906311
0.889365
0.764357
0.799324
0.894345
0.833472
0.830155
0.961106
0.947557
0.777816
0.837438
0.913649
0.796907
0.820857
0.940531
0.899772
0.782222
0.854022
0.890718
0.810495
0.858372
0.934113
0.896359
0.830706
0.859362
0.846914
0.797862
0.839469
0.889465
0.875894
0.867927
0.888931
0.87027
0.838028
0.839509
0.845202
0.847607
0.856691
0.854761
0.864803
0.881696
0.858489
0.838341
0.875421
0.865238
0.81795
0.855165
0.893015
0.838107
0.83919
0.895715
0.86732
0.812338
0.86429
0.892164
0.833729
0.851819
0.897141
0.860795
0.819643
0.866684
0.869938
0.826141
0.855807
0.894575
0.852869
0.829195
0.885852
0.874995
0.817206
0.860799
0.900794
0.82595
0.82657
0.901105
0.865233
0.792169
0.873092
0.911556
0.823623
0.862028
0.939804
0.886746
0.798653
0.845966
0.826033
0.774802
0.860506
0.938708
0.932305
0.918202
0.915261
0.845226
0.767967
0.759141
0.800949
0.880108
0.934603
0.938942
0.930541
0.905582
0.820128
0.756941
0.803831
0.832626
0.859063
0.907832
0.919957
0.886032
0.854567
0.828102
0.830568
0.860374
0.855316
0.851238
0.890308
0.865322
0.803204
0.848997
0.895628
0.850389
0.862026
0.912304
0.867551
0.797083
0.837085
0.863185
0.845375
0.879294
0.909157
0.874768
0.829849
0.824018
0.82485
0.843927
0.881221
0.904865
0.903461
0.876972
0.828623
0.79998
0.810427
0.840581
0.884135
0.925428
0.925869
0.882126
0.83289
0.799919
0.786758
0.827857
0.892555
0.923813
0.914853
0.894467
0.856121
0.786773
0.783609
0.837189
0.864416
0.883971
0.926617
0.927529
0.855526
0.826307
0.839943
0.807205
0.800807
0.878146
0.894116
0.856514
0.884765
0.914302
0.847772
0.806002
0.876402
0.857825
0.795817
0.864873
0.9068
0.820969
0.83853
0.917581
0.883184
0.823173
0.882763
0.894402
0.804918
0.820954
0.865508
0.843861
0.848102
0.892846
0.894318
0.881376
0.864318
0.831517
0.839346
0.849142
0.803409
0.851224
0.923514
0.877163
0.827069
0.92477
0.918651
0.762548
0.832814
0.917665
0.803098
0.807035
0.957222
0.925717
0.779988
0.869256
0.920394
0.771897
0.813504
0.932663
0.886145
0.81244
0.899485
0.911716
0.794178
0.818436
0.87475
0.84321
0.845226
0.903983
0.900323
0.868924
0.85072
0.825709
0.830069
0.845829
0.832268
0.871506
0.918121
0.878145
0.831339
0.878145
0.862971
0.802486
0.852968
0.899055
0.851959
0.835761
0.877882
0.855137
0.826259
0.868291
0.894272
0.861604
0.85461
0.867837
0.836866
0.814264
0.860108
0.88178
0.850124
0.865673
0.891477
0.85333
0.831277
0.885406
0.882136
0.830178
0.8404
0.852263
0.815398
0.83541
0.8923
0.90438
0.892615
0.887865
0.861987
0.813945
0.798468
0.813509
0.842591
0.878777
0.90784
0.917356
0.90086
0.867824
0.832555
0.800895
0.796657
0.838819
0.873845
0.889258
0.910786
0.911576
0.853355
0.805093
0.834616
0.829409
0.825187
0.894051
0.924476
0.851613
0.837078
0.87916
0.832074
0.797364
0.888066
0.912451
0.832651
0.859391
0.905714
0.84699
0.813
0.884235
0.869398
0.811293
0.848243
0.880788
0.851995
0.863932
0.905697
0.885948
0.841979
0.835502
0.829288
0.815194
0.841334
0.876281
0.887517
0.888808
0.891698
0.877919
0.844911
0.826797
0.82081
0.811799
0.827745
0.8756
0.90664
0.915851
0.917363
0.8919
0.825493
0.76967
0.77372
0.815388
0.882281
0.933714
0.953572
0.953321
0.902904
0.783589
0.762256
0.801764
0.786411
0.874662
0.996269
0.980201
0.856163
0.870508
0.872923
0.695348
0.785406
0.930631
0.885872
0.843238
0.959589
0.951317
0.752346
0.799143
0.892327
0.825509
0.827292
0.953611
0.922378
0.798018
0.834604
0.874188
0.813366
0.839598
0.918966
0.889106
0.827334
0.867878
0.886306
0.816915
0.835372
0.884536
0.833176
0.79949
0.882175
0.906977
0.867419
0.898008
0.920969
0.844736
0.776873
0.795144
0.811543
0.858442
0.911167
0.933672
0.949136
0.919869
0.790041
0.772621
0.8311
0.767863
0.822273
1.00221
0.998984
0.815713
0.868021
0.926483
0.71864
0.758208
0.956799
0.908313
0.799043
0.93396
0.961113
0.733701
0.783282
0.906104
0.848344
0.834282
0.949879
0.945965
0.812092
0.802787
0.824208
0.795167
0.839866
0.922379
0.937505
0.907168
0.880562
0.841503
0.781638
0.783075
0.842122
0.870741
0.887083
0.928538
0.928674
0.842343
0.815547
0.857237
0.806227
0.785154
0.902888
0.9159
0.817343
0.885773
0.964066
0.861201
0.785672
0.920559
0.874373
0.710948
0.873118
0.956649
0.801369
0.853875
1.03856
0.964777
0.728173
0.851532
0.888982
0.703989
0.844504
0.988741
0.900654
0.82475
0.944546
0.934904
0.755352
0.808479
0.876907
0.793004
0.80774
0.929023
0.91742
0.853309
0.894679
0.913659
0.810283
0.780861
0.861218
0.825017
0.806235
0.925689
0.960635
0.839765
0.846578
0.920763
0.810751
0.738957
0.899541
0.915623
0.817956
0.900028
0.965706
0.842236
0.770379
0.884005
0.856723
0.80538
0.894223
0.93009
0.839915
0.818981
0.8747
0.844151
0.826769
0.88617
0.898606
0.840333
0.840328
0.86104
0.837495
0.838451
0.88642
0.892478
0.852093
0.854481
0.861624
0.824157
0.823943
0.884695
0.881142
0.845089
0.878687
0.893374
0.816083
0.817881
0.898808
0.863136
0.813975
0.888353
0.897432
0.789298
0.835293
0.908937
0.863539
0.840558
0.899982
0.882471
0.816462
0.826766
0.839597
0.857889
0.88334
0.856592
0.872306
0.917616
0.838996
0.773344
0.899951
0.905505
0.769156
0.891522
0.993328
0.833015
0.758764
0.961104
0.887091
0.715994
0.914402
0.993346
0.791886
0.819753
1.00732
0.89103
0.717356
0.895654
0.925607
0.739814
0.859075
0.990875
0.868194
0.781825
0.94077
0.93071
0.737338
0.84826
0.939102
0.775198
0.777646
0.980852
0.929785
0.785822
0.91653
0.978862
0.765667
0.755555
0.917177
0.809412
0.771685
0.975758
1.00956
0.823542
0.846312
0.94445
0.78633
0.709608
0.888004
0.890037
0.851841
0.943658
0.992141
0.891934
0.798926
0.806019
0.776097
0.802632
0.881463
0.928811
0.943422
0.921262
0.847061
0.8079
0.810898
0.79494
0.842888
0.934249
0.923352
0.856182
0.862941
0.855267
0.779796
0.817835
0.896974
0.88747
0.868333
0.896815
0.880627
0.810169
0.816945
0.844816
0.835581
0.849918
0.898386
0.902775
0.863414
0.875092
0.886955
0.813892
0.786033
0.873034
0.839505
0.802403
0.931833
0.985864
0.842036
0.817951
0.962083
0.817915
0.695014
0.921452
0.951827
0.784068
0.906294
1.04016
0.871892
0.722813
0.886377
0.867889
0.779803
0.910973
0.976904
0.858272
0.798165
0.861751
0.826227
0.825187
0.905106
0.932442
0.88055
0.837301
0.821306
0.792164
0.815378
0.893402
0.93203
0.905002
0.890463
0.880506
0.79336
0.762541
0.865081
0.883269
0.851399
0.919743
0.956151
0.836747
0.782736
0.890492
0.838102
0.7857
0.907487
0.944661
0.819425
0.834269
0.934777
0.848244
0.779868
0.885537
0.889649
0.785076
0.862077
0.938886
0.870506
0.832543
0.899195
0.86234
0.765227
0.835621
0.89022
0.854681
0.88054
0.947341
0.89401
0.797041
0.819328
0.83362
0.805363
0.87071
0.936779
0.908293
0.857819
0.858269
0.832706
0.78608
0.833035
0.883295
0.877839
0.87681
0.896575
0.869988
0.821626
0.839131
0.860256
0.844462
0.853209
0.88347
0.85787
0.830778
0.856998
0.873258
0.85934
0.875353
0.894386
0.858539
0.82271
0.828046
0.83183
0.842171
0.876611
0.896688
0.89339
0.875382
0.839885
0.822416
0.842737
0.84058
0.848236
0.893532
0.89116
0.825011
0.843834
0.878845
0.835163
0.836917
0.911525
0.893889
0.812175
0.847981
0.870039
0.809123
0.83575
0.917419
0.893114
0.852213
0.872821
0.862389
0.815734
0.824099
0.846983
0.863264
0.882095
0.874275
0.869451
0.892202
0.853486
0.803112
0.85029
0.870181
0.816994
0.865627
0.937652
0.876827
0.813963
0.866284
0.851807
0.774549
0.861985
0.938047
0.878402
0.847888
0.914563
0.863878
0.740837
0.842865
0.906206
0.816877
0.861483
0.9955
0.912992
0.755745
0.865312
0.893372
0.729234
0.850407
1.00045
0.880481
0.778139
0.91794
0.901996
0.716249
0.866593
0.989305
0.844924
0.795936
0.946259
0.882635
0.723664
0.878083
0.951386
0.825939
0.848079
0.962958
0.870401
0.765949
0.83961
0.860476
0.846013
0.892599
0.900503
0.891456
0.878703
0.778377
0.775748
0.912025
0.862674
0.817357
0.965882
0.999062
0.746791
0.78122
0.962306
0.781437
0.762055
1.00372
0.98906
0.721332
0.865003
0.994362
0.793765
0.768841
0.957063
0.901827
0.765913
0.878009
0.917613
0.811517
0.833704
0.912325
0.872865
0.847859
0.870224
0.864875
0.852392
0.837686
0.810901
0.844255
0.875497
0.856648
0.887761
0.949036
0.894706
0.796868
0.82467
0.824775
0.771053
0.871398
0.961307
0.915224
0.854842
0.877911
0.836066
0.749282
0.839661
0.913983
0.87566
0.866545
0.912096
0.852064
0.766466
0.850497
0.904683
0.859203
0.880071
0.939787
0.849578
0.751679
0.832512
0.863592
0.83031
0.922003
1.00139
0.911896
0.795526
0.812446
0.780064
0.760279
0.892774
0.979066
0.939104
0.897902
0.91131
0.822007
0.701297
0.81277
0.882715
0.855363
0.924805
1.00977
0.923596
0.774671
0.815693
0.816633
0.753826
0.865032
0.949281
0.908663
0.874636
0.89338
0.857712
0.795887
0.813116
0.832535
0.852571
0.877694
0.880845
0.893902
0.909045
0.855759
0.808849
0.838543
0.832727
0.811
0.887003
0.935594
0.882791
0.847824
0.868841
0.819555
0.785368
0.861374
0.905035
0.88458
0.886347
0.891293
0.829279
0.79366
0.82504
0.859851
0.892015
0.915447
0.899744
0.868807
0.831203
0.783608
0.803134
0.872501
0.886871
0.892441
0.927658
0.909859
0.814319
0.799494
0.837778
0.796807
0.824847
0.921141
0.92446
0.861432
0.903876
0.930539
0.817638
0.766786
0.841132
0.807698
0.813811
0.938776
0.987352
0.897875
0.861689
0.900766
0.780985
0.724317
0.879446
0.917848
0.840757
0.925282
1.01638
0.846726
0.733148
0.86387
0.849168
0.785053
0.937128
1.02376
0.865869
0.781326
0.874836
0.795237
0.767279
0.927667
0.984662
0.889232
0.861812
0.88735
0.780322
0.758082
0.861364
0.909503
0.91416
0.926909
0.898675
0.825984
0.785876
0.789131
0.841802
0.9086
0.921707
0.902084
0.891678
0.850505
0.778845
0.80498
0.860506
0.850779
0.867302
0.923433
0.900277
0.812568
0.856431
0.891634
0.810371
0.815324
0.90345
0.853064
0.798203
0.893929
0.924032
0.841231
0.860819
0.922357
0.84039
0.787161
0.842449
0.853238
0.849645
0.888688
0.89517
0.886359
0.869282
0.807475
0.817165
0.896078
0.850234
0.827047
0.919086
0.909118
0.761574
0.838476
0.935483
0.826715
0.820189
0.940286
0.901101
0.757282
0.852015
0.900239
0.806665
0.838695
0.931267
0.888755
0.826047
0.869663
0.867722
0.805353
0.827974
0.879284
0.866584
0.868018
0.899337
0.886383
0.831669
0.82487
0.839203
0.825375
0.849725
0.900407
0.899959
0.862503
0.863609
0.855134
0.816544
0.827651
0.871406
0.871712
0.862676
0.876192
0.867755
0.841261
0.844336
0.859254
0.859409
0.860991
0.857908
0.853297
0.860318
0.856116
0.849551
0.871156
0.871988
0.834182
0.838126
0.871328
0.850451
0.852335
0.898432
0.892656
0.83184
0.831641
0.846917
0.815868
0.843267
0.909075
0.910189
0.867144
0.866492
0.847904
0.797173
0.81457
0.869378
0.889038
0.899278
0.896155
0.865188
0.843226
0.814434
0.786869
0.861584
0.912955
0.857543
0.872055
0.954282
0.867362
0.728803
0.868331
0.897079
0.726134
0.882202
1.08348
0.900386
0.761114
0.921545
0.895016
0.637334
0.863022
1.00679
0.847782
0.838369
0.976877
0.905084
0.687687
0.830743
0.891561
0.799371
0.878375
0.985336
0.914887
0.800696
0.842166
0.833666
0.778263
0.848575
0.917988
0.899382
0.881472
0.881388
0.848021
0.811867
0.819807
0.843223
0.87092
0.88997
0.885603
0.873587
0.858589
