0.725578
0.940444
1.12608
0.839373
0.564089
0.763007
0.984861
0.797705
0.639535
0.903223
1.13825
0.947461
0.742722
0.890993
1.0138
0.792608
0.608349
0.778057
0.95835
0.851781
0.759768
0.93411
1.06919
0.911377
0.745887
0.829806
0.917749
0.78597
0.686949
0.843184
0.99573
0.900877
0.792043
0.899389
0.988778
0.839607
0.704817
0.823153
0.949408
0.844431
0.747725
0.885693
1.00523
0.874202
0.744341
0.848214
0.945844
0.823785
0.727118
0.861868
0.984864
0.890967
0.797138
0.880286
0.935699
0.815523
0.726295
0.81578
0.908882
0.874897
0.849585
0.919349
0.949548
0.864373
0.788504
0.806854
0.838045
0.822843
0.826505
0.885592
0.923722
0.889967
0.847846
0.854835
0.866132
0.837906
0.820744
0.856756
0.885737
0.856322
0.826565
0.850426
0.876308
0.858216
0.846935
0.878499
0.896218
0.862968
0.830769
0.837731
0.848088
0.837779
0.839147
0.868241
0.888953
0.876406
0.857276
0.859695
0.864081
0.84412
0.828162
0.853618
0.881498
0.856173
0.825125
0.859485
0.89824
0.856183
0.814094
0.87173
0.924217
0.85376
0.78409
0.84716
0.908806
0.83814
0.785221
0.878113
0.952238
0.876213
0.806187
0.858162
0.889804
0.816793
0.779619
0.846922
0.900996
0.891923
0.890186
0.895454
0.863562
0.834767
0.830665
0.797291
0.774835
0.859784
0.955981
0.907592
0.830641
0.898494
0.95155
0.803873
0.682948
0.822683
0.967425
0.856584
0.75768
0.920814
1.03801
0.851468
0.695754
0.843176
0.967235
0.81347
0.70616
0.876767
1.00253
0.865896
0.766269
0.89363
0.974289
0.847454
0.757051
0.838029
0.888945
0.813315
0.782144
0.865467
0.924424
0.902317
0.886826
0.900038
0.881452
0.831533
0.798912
0.792128
0.802299
0.835444
0.879586
0.909074
0.920025
0.913942
0.883258
0.839777
0.80846
0.795264
0.804238
0.845747
0.893755
0.904579
0.890643
0.886914
0.869073
0.814318
0.783801
0.824882
0.877961
0.88804
0.891853
0.909195
0.890592
0.831597
0.7929
0.792597
0.811795
0.85981
0.918245
0.925352
0.894761
0.892147
0.877772
0.789426
0.731024
0.81022
0.903645
0.877363
0.850691
0.93451
0.971379
0.848156
0.75129
0.816602
0.877602
0.818469
0.796213
0.89591
0.951916
0.881337
0.826971
0.858083
0.868629
0.824956
0.81498
0.851775
0.871745
0.87404
0.881968
0.870413
0.846217
0.856276
0.871237
0.836087
0.809549
0.856981
0.896762
0.855446
0.825722
0.87744
0.909048
0.856541
0.821426
0.858115
0.876093
0.839129
0.825118
0.854097
0.868253
0.863098
0.868002
0.866376
0.853846
0.864105
0.877693
0.849107
0.82295
0.856211
0.883522
0.840171
0.810525
0.866993
0.911193
0.863479
0.827262
0.879019
0.90543
0.832258
0.784864
0.845146
0.893373
0.852867
0.834029
0.893569
0.91672
0.853983
0.812174
0.83614
0.850879
0.840904
0.85672
0.880888
0.879183
0.882424
0.884201
0.832143
0.78533
0.836981
0.895883
0.845063
0.808531
0.910302
0.974955
0.855619
0.762004
0.858938
0.922854
0.797464
0.730383
0.874583
0.9699
0.863617
0.800436
0.907989
0.953156
0.833026
0.765965
0.842439
0.884698
0.830394
0.817857
0.878079
0.901284
0.869508
0.854108
0.861027
0.856651
0.849856
0.852394
0.852059
0.851276
0.857767
0.860677
0.85832
0.860078
0.858599
0.852503
0.858293
0.864815
0.848719
0.837557
0.861584
0.880316
0.860145
0.847067
0.868573
0.874978
0.847831
0.835318
0.847838
0.851826
0.852213
0.862838
0.86021
0.851569
0.874946
0.895152
0.85769
0.82465
0.86414
0.889002
0.823491
0.783667
0.858621
0.91449
0.85409
0.820406
0.90488
0.943757
0.839807
0.770573
0.846728
0.897191
0.818585
0.788517
0.903924
0.966712
0.862557
0.787676
0.862846
0.900036
0.794363
0.753149
0.885416
0.970183
0.880878
0.820808
0.901071
0.920696
0.789473
0.726322
0.833901
0.911705
0.860705
0.847522
0.933623
0.950369
0.844977
0.77834
0.814385
0.840894
0.822336
0.843323
0.906681
0.926517
0.891565
0.856288
0.831059
0.808857
0.814316
0.844571
0.862002
0.874813
0.907909
0.91537
0.858757
0.811361
0.835943
0.857936
0.816847
0.80407
0.879802
0.926485
0.868023
0.831771
0.898684
0.927185
0.831727
0.770997
0.841646
0.881122
0.799257
0.776341
0.902531
0.978421
0.897069
0.842033
0.903126
0.901411
0.77392
0.718019
0.809921
0.88074
0.86303
0.880762
0.954368
0.959212
0.87785
0.814597
0.800121
0.790286
0.788122
0.822609
0.877434
0.915839
0.922098
0.903723
0.879601
0.851008
0.808602
0.789289
0.834679
0.884154
0.863434
0.844526
0.903226
0.923911
0.819623
0.759584
0.861623
0.930432
0.83695
0.795178
0.922501
0.969682
0.817659
0.738096
0.86001
0.921754
0.809534
0.77627
0.913322
0.967043
0.84843
0.791083
0.878718
0.909199
0.817165
0.78651
0.873724
0.910027
0.838301
0.809062
0.879117
0.910578
0.845943
0.818088
0.886492
0.913007
0.830144
0.786479
0.862926
0.903356
0.821456
0.790249
0.901035
0.955242
0.847199
0.79106
0.898014
0.937957
0.800843
0.738323
0.866759
0.927798
0.810134
0.776017
0.924972
0.988434
0.866516
0.806767
0.890192
0.894372
0.771025
0.733935
0.829389
0.889153
0.881181
0.906227
0.943566
0.917061
0.862097
0.819134
0.766424
0.750481
0.832043
0.915748
0.902377
0.888441
0.945479
0.93028
0.783388
0.709174
0.807765
0.886437
0.84773
0.86173
0.977515
0.990442
0.844523
0.750854
0.79464
0.819232
0.775056
0.807533
0.937644
0.995722
0.926564
0.865427
0.869241
0.838474
0.752358
0.737215
0.832238
0.905288
0.887547
0.883875
0.943561
0.941063
0.826801
0.762194
0.830734
0.872925
0.804595
0.797167
0.922882
0.971576
0.853798
0.791215
0.879148
0.900936
0.783379
0.756649
0.886842
0.945482
0.866723
0.843245
0.910769
0.903682
0.813924
0.783128
0.816595
0.833223
0.851072
0.890536
0.897185
0.884461
0.909891
0.906608
0.813584
0.76253
0.842151
0.88882
0.80625
0.786527
0.920269
0.973486
0.843502
0.78888
0.919306
0.956891
0.79055
0.723054
0.876493
0.935534
0.778811
0.742366
0.947074
1.02581
0.838171
0.757198
0.923946
0.959567
0.740617
0.676878
0.901038
0.995288
0.818688
0.768706
0.959898
0.996869
0.784317
0.714887
0.884613
0.940436
0.805787
0.784255
0.915908
0.935276
0.823731
0.796607
0.861556
0.878455
0.865037
0.88482
0.883736
0.85309
0.85963
0.85316
0.771937
0.749801
0.87303
0.953924
0.88309
0.86189
0.972572
0.968962
0.778381
0.690043
0.804737
0.858753
0.774988
0.802867
0.980073
1.03461
0.907698
0.834294
0.871187
0.839965
0.732022
0.727941
0.841038
0.911267
0.90383
0.912829
0.937555
0.901899
0.825265
0.787055
0.794776
0.815414
0.850268
0.892907
0.908263
0.898571
0.890689
0.863684
0.803973
0.77994
0.830554
0.873616
0.859089
0.869783
0.934968
0.938536
0.846196
0.792888
0.827748
0.832461
0.781204
0.798903
0.899597
0.949033
0.915901
0.897225
0.904199
0.861239
0.782994
0.754424
0.784854
0.825694
0.867297
0.917827
0.95175
0.942914
0.899531
0.842867
0.791155
0.765415
0.778679
0.821005
0.87113
0.91526
0.942034
0.932417
0.882893
0.830277
0.80995
0.80359
0.791083
0.813933
0.888954
0.929947
0.887734
0.858538
0.897426
0.89113
0.795691
0.769829
0.871701
0.912865
0.821693
0.801418
0.918093
0.941778
0.807213
0.772027
0.909332
0.945179
0.802866
0.768806
0.918024
0.948419
0.785557
0.749769
0.920713
0.964308
0.795017
0.755304
0.929513
0.96208
0.771443
0.734442
0.939946
0.995545
0.801893
0.754161
0.944839
0.964227
0.728511
0.678298
0.914983
0.993182
0.804417
0.783386
1.01155
1.02923
0.756181
0.67046
0.875187
0.923939
0.736489
0.744916
0.997891
1.05029
0.838245
0.770725
0.908681
0.90109
0.728441
0.722338
0.895282
0.950312
0.863475
0.857439
0.929831
0.906269
0.808814
0.784141
0.826279
0.845229
0.848456
0.875864
0.901296
0.895749
0.873482
0.848191
0.825237
0.819133
0.832783
0.855077
0.881078
0.897161
0.884313
0.860237
0.851937
0.837206
0.803446
0.808375
0.87236
0.909842
0.881823
0.872289
0.906835
0.885996
0.79724
0.769628
0.833059
0.864986
0.837511
0.861011
0.939685
0.944842
0.862683
0.819109
0.84095
0.829586
0.779698
0.796545
0.883404
0.922992
0.888678
0.877585
0.909475
0.888071
0.804253
0.779935
0.844376
0.870543
0.820014
0.825801
0.919854
0.937943
0.837878
0.811083
0.909641
0.917727
0.782935
0.755495
0.894311
0.922668
0.783221
0.778741
0.959349
0.990479
0.814271
0.772518
0.918782
0.914956
0.730681
0.720544
0.918521
0.97352
0.839308
0.830788
0.969733
0.947407
0.753764
0.708771
0.851741
0.89443
0.798797
0.828674
0.99393
1.00374
0.82988
0.76747
0.867882
0.864748
0.733198
0.750404
0.929341
0.97385
0.85228
0.834915
0.941103
0.924843
0.790099
0.770398
0.860386
0.865415
0.80105
0.816509
0.884193
0.901049
0.895514
0.905867
0.887252
0.852235
0.853373
0.835841
0.763781
0.762053
0.876008
0.928564
0.857599
0.85797
0.969517
0.95371
0.780195
0.735262
0.869869
0.894528
0.767865
0.785991
0.967136
0.984793
0.810867
0.774069
0.909215
0.907062
0.754292
0.763721
0.942095
0.972378
0.832631
0.811806
0.922638
0.897218
0.742622
0.731894
0.872784
0.915537
0.845665
0.873149
0.984016
0.965554
0.825671
0.768851
0.812394
0.802355
0.747843
0.796243
0.927962
0.978937
0.929127
0.904657
0.91953
0.862802
0.746057
0.722825
0.816334
0.867289
0.831839
0.864056
0.983674
0.982759
0.829406
0.781399
0.896586
0.893987
0.726408
0.726202
0.93757
0.971934
0.776052
0.773824
1.00841
1.01351
0.750187
0.716556
0.951016
0.948376
0.692059
0.701763
0.983398
1.01444
0.784034
0.77917
0.990931
0.965118
0.73123
0.718231
0.904093
0.917112
0.782689
0.808131
0.951579
0.949846
0.838549
0.825812
0.882649
0.859829
0.792807
0.796051
0.845418
0.864754
0.86867
0.894683
0.919024
0.910309
0.878732
0.843231
0.809814
0.78781
0.789316
0.814775
0.855213
0.898758
0.929931
0.935721
0.914992
0.875441
0.828553
0.792659
0.78367
0.796598
0.819098
0.857537
0.909072
0.930647
0.902808
0.880903
0.892512
0.867646
0.789763
0.775691
0.85385
0.870212
0.790596
0.806249
0.945314
0.964211
0.828949
0.821634
0.968383
0.944095
0.732908
0.708695
0.896566
0.907098
0.729564
0.770681
1.01828
1.03153
0.809755
0.786695
0.959865
0.916634
0.688682
0.698716
0.921513
0.947859
0.790856
0.817461
0.993705
0.968428
0.780731
0.766861
0.902217
0.893815
0.772946
0.796236
0.921773
0.917913
0.820306
0.821524
0.890214
0.881067
0.830963
0.845543
0.885604
0.880224
0.860065
0.852451
0.832268
0.819265
0.84486
0.859143
0.835902
0.85534
0.929623
0.93267
0.845544
0.821909
0.882513
0.857785
0.747377
0.761737
0.90351
0.934084
0.839769
0.856785
0.97531
0.938596
0.769211
0.749075
0.872637
0.876338
0.775554
0.815034
0.9549
0.94567
0.82012
0.810994
0.89794
0.887141
0.807374
0.826225
0.905868
0.888742
0.804236
0.797546
0.859145
0.873772
0.850696
0.883263
0.942668
0.918029
0.825442
0.784614
0.809575
0.81348
0.802792
0.862005
0.956649
0.963663
0.887461
0.838963
0.829751
0.793443
0.7601
0.806186
0.893739
0.933709
0.927167
0.911522
0.876007
0.823486
0.795352
0.793748
0.799035
0.837348
0.907678
0.931096
0.889876
0.874921
0.900095
0.866586
0.783394
0.780585
0.853385
0.863139
0.814628
0.843383
0.9307
0.930253
0.856588
0.85121
0.899357
0.868898
0.784021
0.782871
0.851162
0.860141
0.822003
0.855626
0.938198
0.936849
0.861467
0.84418
0.881627
0.847259
0.759729
0.77145
0.87312
0.897603
0.843008
0.873238
0.969493
0.939671
0.804336
0.78087
0.864032
0.846173
0.752071
0.79815
0.943271
0.950828
0.846548
0.847243
0.922406
0.881439
0.776564
0.793401
0.885037
0.888284
0.836276
0.845814
0.8784
0.854835
0.821533
0.83725
0.869644
0.889515
0.907602
0.904813
0.864361
0.828882
0.821457
0.80418
0.783329
0.820546
0.898235
0.927652
0.904361
0.897477
0.900537
0.855086
0.790555
0.785126
0.826515
0.848219
0.853902
0.884253
0.916368
0.90415
0.86533
0.842336
0.832023
0.818715
0.817701
0.839286
0.866384
0.889376
0.907526
0.90261
0.868908
0.839049
0.828379
0.810915
0.792556
0.820636
0.884271
0.91308
0.899661
0.900507
0.908823
0.866463
0.797823
0.784727
0.821147
0.836232
0.834723
0.871783
0.922523
0.916855
0.870537
0.852298
0.857761
0.837238
0.808426
0.824076
0.865559
0.876757
0.864844
0.870214
0.880603
0.863569
0.837298
0.834501
0.8456
0.852196
0.861746
0.875376
0.878632
0.874216
0.869809
0.852325
0.824361
0.819961
0.842338
0.854136
0.854212
0.875757
0.903593
0.894018
0.860897
0.844815
0.838916
0.827477
0.829168
0.845613
0.854679
0.868181
0.894789
0.888274
0.842849
0.837661
0.880082
0.870018
0.811084
0.828155
0.904876
0.88902
0.802577
0.816707
0.905665
0.889418
0.80222
0.831291
0.93311
0.91047
0.806194
0.81785
0.903162
0.871316
0.772984
0.802407
0.910886
0.906095
0.830314
0.860362
0.943331
0.902885
0.79225
0.786743
0.848966
0.833934
0.790684
0.848914
0.948005
0.953877
0.898764
0.877859
0.863056
0.801618
0.747788
0.762503
0.817296
0.871671
0.923368
0.957131
0.948719
0.910839
0.864114
0.807662
0.760794
0.762148
0.804421
0.844987
0.876764
0.914231
0.937873
0.923725
0.889062
0.856948
0.82611
0.803174
0.802818
0.812691
0.821884
0.853547
0.90374
0.91651
0.886772
0.882168
0.901789
0.863505
0.786335
0.788817
0.857788
0.857959
0.805917
0.848823
0.949875
0.927846
0.819143
0.826716
0.915186
0.872705
0.752363
0.79235
0.933076
0.911889
0.786108
0.827043
0.965451
0.914586
0.754667
0.791333
0.943762
0.900894
0.749571
0.802438
0.963983
0.919761
0.767509
0.814389
0.960659
0.911701
0.766968
0.803181
0.924204
0.878563
0.763169
0.809669
0.929029
0.911819
0.831242
0.86145
0.929224
0.880585
0.78596
0.793035
0.854795
0.849755
0.819353
0.865279
0.936132
0.920378
0.853825
0.843936
0.867704
0.833484
0.778363
0.807664
0.88615
0.893473
0.851118
0.875614
0.934398
0.893984
0.794821
0.800562
0.880569
0.859439
0.777099
0.829897
0.959096
0.927124
0.79182
0.816519
0.939507
0.883776
0.734892
0.798567
0.974772
0.93033
0.763328
0.809041
0.961283
0.891251
0.724083
0.793147
0.970818
0.927033
0.777183
0.82444
0.953331
0.887201
0.748413
0.802441
0.937596
0.905703
0.799423
0.834493
0.922181
0.871554
0.774808
0.816844
0.918292
0.905215
0.837192
0.85954
0.909766
0.857008
0.772028
0.793695
0.870727
0.877378
0.851259
0.891005
0.942477
0.901238
0.818925
0.808609
0.841748
0.826267
0.797131
0.842429
0.915464
0.909155
0.85595
0.861936
0.898063
0.862352
0.797361
0.820662
0.889138
0.874685
0.81704
0.842416
0.903278
0.872652
0.806634
0.835127
0.903126
0.888658
0.841952
0.861983
0.893375
0.856237
0.806979
0.81145
0.833995
0.846828
0.875032
0.904425
0.903837
0.89956
0.898231
0.847004
0.769034
0.766678
0.827325
0.842389
0.833869
0.904893
0.993647
0.960797
0.85863
0.828128
0.833086
0.773526
0.721559
0.783547
0.888319
0.92915
0.936462
0.951795
0.929658
0.862882
0.808782
0.771933
0.744958
0.787009
0.887129
0.919198
0.879919
0.909542
0.974519
0.894466
0.742633
0.764263
0.888721
0.850701
0.739694
0.834518
1.01063
0.954738
0.792463
0.839335
0.963873
0.865382
0.697622
0.765295
0.923646
0.88834
0.790356
0.870348
0.987757
0.92159
0.799767
0.819579
0.882828
0.83956
0.780511
0.825791
0.894134
0.881305
0.845555
0.867608
0.901148
0.878854
0.83871
0.844041
0.866304
0.847041
0.816663
0.840133
0.886242
0.879551
0.845053
0.855245
0.880034
0.850847
0.811585
0.838504
0.889999
0.892303
0.87364
0.880226
0.877474
0.83726
0.801938
0.801299
0.818496
0.848496
0.890767
0.915062
0.909151
0.898684
0.88283
0.839192
0.795969
0.798503
0.82801
0.844629
0.858355
0.88337
0.895073
0.883246
0.869798
0.858635
0.845264
0.850548
0.871518
0.862689
0.828234
0.829896
0.858204
0.84103
0.808221
0.857432
0.941857
0.925187
0.846508
0.85402
0.899155
0.826161
0.721356
0.787197
0.9314
0.915953
0.822387
0.884466
0.989367
0.884126
0.713462
0.772812
0.927377
0.879113
0.763295
0.860183
1.00503
0.908831
0.742466
0.798504
0.925697
0.864486
0.764455
0.850778
0.967473
0.906705
0.804596
0.83521
0.888544
0.841868
0.79476
0.832094
0.873886
0.871305
0.874416
0.885014
0.871967
0.869686
0.886118
0.854235
0.794186
0.812464
0.875919
0.855581
0.802437
0.860895
0.953369
0.908334
0.810225
0.841334
0.91317
0.849043
0.755874
0.817053
0.922603
0.889689
0.818509
0.868924
0.935135
0.871485
0.783528
0.808983
0.86528
0.847774
0.829775
0.88394
0.933891
0.91203
0.867359
0.844235
0.820186
0.79128
0.789682
0.820303
0.862748
0.904965
0.932493
0.928934
0.89909
0.85741
0.814522
0.791148
0.799861
0.820162
0.841223
0.881977
0.921594
0.903976
0.852621
0.848344
0.872828
0.845744
0.807033
0.850659
0.914732
0.879106
0.806677
0.827854
0.881778
0.845995
0.797259
0.860047
0.942974
0.907408
0.833427
0.849932
0.884217
0.831923
0.779077
0.826474
0.892763
0.883848
0.858377
0.877866
0.888943
0.855997
0.829697
0.833779
0.840222
0.85056
0.873166
0.876723
0.859826
0.866773
0.883338
0.854301
0.813358
0.832677
0.873653
0.860596
0.835179
0.865877
0.900804
0.871684
0.830485
0.843194
0.868376
0.854558
0.839632
0.863366
0.886347
0.867322
0.837341
0.838621
0.852241
0.843629
0.835422
0.865632
0.902439
0.889415
0.853296
0.856306
0.870861
0.837213
0.799939
0.830302
0.878947
0.869897
0.848323
0.876504
0.902958
0.874926
0.841962
0.843619
0.843951
0.832193
0.837989
0.849114
0.85031
0.876031
0.913702
0.890312
0.832641
0.842582
0.880758
0.832164
0.768318
0.832442
0.931721
0.895053
0.817862
0.872349
0.945937
0.864154
0.759194
0.818058
0.911356
0.857938
0.784052
0.855152
0.940584
0.881882
0.803677
0.854498
0.920351
0.866256
0.79776
0.839574
0.89528
0.849502
0.794312
0.843426
0.910496
0.880334
0.831177
0.873208
0.923383
0.866924
0.791763
0.823471
0.880221
0.841334
0.794996
0.859607
0.936026
0.897109
0.833312
0.861507
0.89551
0.837565
0.782346
0.825391
0.883779
0.874102
0.858163
0.887083
0.899753
0.860488
0.823234
0.819244
0.825414
0.839611
0.871182
0.894629
0.895068
0.893629
0.882897
0.833759
0.783553
0.797705
0.848326
0.864026
0.868278
0.915877
0.94736
0.883378
0.796215
0.796909
0.836773
0.821937
0.813234
0.892978
0.964293
0.913504
0.827533
0.826394
0.846711
0.804459
0.783617
0.860966
0.937784
0.920262
0.874227
0.86782
0.854387
0.807032
0.787372
0.822038
0.864187
0.889483
0.905952
0.900131
0.869794
0.84921
0.843533
0.825001
0.812929
0.846063
0.886401
0.874801
0.846575
0.863144
0.886792
0.857809
0.824888
0.856241
0.89588
0.861678
0.812086
0.843
0.892533
0.85262
0.79947
0.862217
0.943652
0.880314
0.783593
0.846697
0.939438
0.844492
0.726707
0.840158
0.990272
0.885679
0.740535
0.865875
1.01678
0.861518
0.676767
0.82109
1.00422
0.858112
0.687018
0.859578
1.05248
0.889497
0.698062
0.852048
1.02529
0.85628
0.673674
0.830223
1.00458
0.859692
0.705578
0.856195
1.01094
0.876788
0.736384
0.855828
0.975445
0.863553
0.756862
0.850957
0.935121
0.850832
0.778212
0.838445
0.89073
0.859544
0.847633
0.881335
0.887315
0.873884
0.873034
0.841005
0.79551
0.829987
0.896388
0.865783
0.811578
0.878741
0.95161
0.858618
0.749776
0.827741
0.932591
0.856254
0.772906
0.884597
0.990986
0.880218
0.755981
0.830115
0.91349
0.82233
0.747985
0.855083
0.956074
0.896186
0.831801
0.882938
0.91534
0.84443
0.790583
0.822114
0.852926
0.8412
0.84265
0.871357
0.887205
0.883585
0.878462
0.872543
0.862986
0.850168
0.834728
0.829537
0.836319
0.831652
0.827272
0.866451
0.916338
0.901645
0.862044
0.882967
0.901396
0.823807
0.750212
0.803888
0.881476
0.857143
0.832893
0.910269
0.963532
0.890346
0.813483
0.83158
0.851961
0.813035
0.798861
0.847571
0.885631
0.881943
0.878246
0.884885
0.879775
0.865313
0.852777
0.842182
0.835108
0.829233
0.825127
0.841304
0.871211
0.873755
0.862848
0.894601
0.926275
0.870949
0.798218
0.829733
0.880404
0.81574
0.756512
0.858786
0.966949
0.893757
0.803502
0.88606
0.958527
0.834172
0.723616
0.827985
0.937928
0.85654
0.7827
0.886641
0.96367
0.857345
0.766157
0.83676
0.901705
0.847984
0.817288
0.882369
0.917141
0.872504
0.840597
0.842328
0.832145
0.834756
0.862661
0.85361
0.827121
0.872259
0.925568
0.864404
0.792807
0.867162
0.948708
0.85286
0.751163
0.852642
0.956129
0.834291
0.720033
0.860897
0.997417
0.862295
0.731812
0.882098
1.01698
0.851916
0.701078
0.858382
1.00023
0.831639
0.68597
0.858407
1.01156
0.854067
0.720085
0.886866
1.02058
0.855281
0.715351
0.852655
0.964836
0.828822
0.730589
0.867714
0.973834
0.870059
0.78715
0.873187
0.928596
0.836749
0.775242
0.845087
0.900761
0.858115
0.829742
0.876808
0.90371
0.859711
0.826363
0.852476
0.873842
0.847567
0.827746
0.852349
0.871667
0.850947
0.839559
0.871847
0.898139
0.880068
0.856804
0.857697
0.849054
0.81712
0.805414
0.833599
0.868731
0.890634
0.905685
0.905111
0.878746
0.844607
0.818651
0.799664
0.803616
0.847105
0.896289
0.906956
0.894119
0.887181
0.864994
0.814556
0.787846
0.820934
0.868472
0.885017
0.891253
0.904429
0.890548
0.838317
0.799377
0.808979
0.837887
0.856825
0.878466
0.905575
0.906057
0.870234
0.833238
0.819367
0.820044
0.832316
0.860167
0.885478
0.892182
0.890874
0.87861
0.837326
0.800037
0.818813
0.858032
0.852957
0.848675
0.907671
0.945905
0.874653
0.799054
0.833128
0.870633
0.803973
0.766281
0.871084
0.957804
0.889869
0.823879
0.891797
0.932056
0.823629
0.74749
0.835874
0.911926
0.843239
0.796795
0.890622
0.950961
0.85907
0.788021
0.860816
0.91563
0.837205
0.785631
0.871203
0.930454
0.849526
0.787923
0.859528
0.911831
0.839525
0.795544
0.879042
0.935378
0.864859
0.810515
0.862015
0.889965
0.824821
0.792279
0.852894
0.896187
0.871303
0.859503
0.884805
0.883796
0.852501
0.836174
0.829607
0.822556
0.842984
0.87466
0.868702
0.857526
0.893093
0.913713
0.856449
0.804769
0.835051
0.862474
0.820473
0.805566
0.877658
0.928394
0.889714
0.853623
0.87536
0.875347
0.818864
0.791371
0.833338
0.872825
0.866655
0.86401
0.891604
0.897199
0.853929
0.820719
0.839777
0.862108
0.846375
0.840246
0.877464
0.89662
0.858342
0.828107
0.849547
0.86562
0.844261
0.839306
0.869705
0.882882
0.864789
0.85326
0.852635
0.84677
0.849659
0.862799
0.859968
0.853372
0.87233
0.882411
0.84608
0.815917
0.84106
0.866153
0.84583
0.841964
0.892077
0.919736
0.878819
0.839649
0.847321
0.845612
0.809268
0.802542
0.850611
0.889872
0.886325
0.879783
0.88707
0.875269
0.843052
0.82867
0.838876
0.851292
0.863473
0.873974
0.863094
0.840768
0.841478
0.850199
0.833865
0.833299
0.890509
0.933363
0.892603
0.844738
0.862879
0.863442
0.788349
0.755081
0.835696
0.90567
0.88377
0.873069
0.923841
0.927127
0.848228
0.797602
0.814625
0.828173
0.826611
0.850448
0.877387
0.88153
0.89316
0.899999
0.855675
0.814869
0.850408
0.881451
0.823748
0.788289
0.869019
0.926604
0.855914
0.812281
0.899536
0.943267
0.838297
0.770848
0.849562
0.894926
0.81336
0.783327
0.884531
0.94145
0.878474
0.843679
0.888938
0.891084
0.826366
0.79882
0.820946
0.833672
0.851546
0.886923
0.886973
0.867878
0.896061
0.908287
0.823429
0.764265
0.847632
0.917977
0.839912
0.793497
0.909017
0.963146
0.817886
0.731042
0.859379
0.944818
0.838356
0.793629
0.930813
0.981014
0.829489
0.738775
0.825883
0.875662
0.809656
0.812296
0.920827
0.962235
0.900892
0.855786
0.84366
0.81339
0.799094
0.823037
0.832466
0.841725
0.904579
0.942718
0.873573
0.815758
0.874943
0.910503
0.817282
0.768935
0.874173
0.930519
0.821023
0.762307
0.873857
0.936425
0.839169
0.801928
0.920631
0.969395
0.852574
0.78078
0.84344
0.86348
0.784964
0.775797
0.878113
0.937909
0.905443
0.883107
0.894053
0.867236
0.808454
0.78857
0.816622
0.851267
0.876981
0.89763
0.905366
0.888417
0.849414
0.814678
0.81213
0.829052
0.837419
0.857229
0.908962
0.93449
0.887685
0.839215
0.849121
0.846144
0.78645
0.771569
0.852
0.911562
0.887749
0.879074
0.922895
0.91683
0.838298
0.792273
0.808198
0.819909
0.823875
0.855883
0.886483
0.892799
0.907046
0.908536
0.850281
0.803888
0.847328
0.87895
0.809262
0.776679
0.878464
0.937647
0.846161
0.805919
0.922479
0.967388
0.832982
0.75817
0.850126
0.885034
0.784552
0.769943
0.900525
0.964327
0.900568
0.867477
0.893311
0.8649
0.794665
0.776618
0.800429
0.827998
0.879682
0.928155
0.913928
0.883095
0.895455
0.88051
0.795746
0.758956
0.828899
0.880436
0.852399
0.853409
0.914623
0.921854
0.853856
0.81764
0.837734
0.844813
0.83422
0.848978
0.875966
0.88379
0.879108
0.868846
0.850039
0.836022
0.833574
0.836462
0.85309
0.87584
0.871598
0.860075
0.885122
0.892143
0.823078
0.782927
0.859161
0.912112
0.840208
0.813315
0.924789
0.957509
0.813188
0.739587
0.846246
0.897127
0.808733
0.80731
0.939499
0.977341
0.876924
0.821375
0.839127
0.821174
0.792762
0.82057
0.851878
0.867046
0.919232
0.942228
0.853462
0.79082
0.872709
0.917937
0.801054
0.754851
0.906649
0.96591
0.792456
0.721218
0.907935
0.993283
0.818111
0.756949
0.95547
1.01043
0.776356
0.67799
0.87605
0.959262
0.779979
0.740904
0.964285
1.03404
0.822745
0.732421
0.892512
0.939468
0.77308
0.739059
0.917236
0.976033
0.835237
0.78406
0.888723
0.908776
0.807545
0.792632
0.884786
0.912814
0.860482
0.84567
0.868273
0.858119
0.835229
0.838242
0.84431
0.8502
0.878176
0.894156
0.866538
0.845749
0.861994
0.858801
0.820544
0.815899
0.85812
0.883264
0.879477
0.883884
0.885437
0.862428
0.841384
0.830106
0.806765
0.806703
0.866729
0.912397
0.881308
0.862067
0.912807
0.912225
0.804814
0.755991
0.84255
0.886363
0.810446
0.804919
0.933259
0.976243
0.860288
0.807413
0.890542
0.896203
0.77158
0.740674
0.859288
0.913871
0.84749
0.844507
0.937682
0.947475
0.844744
0.79773
0.845228
0.854321
0.801648
0.805813
0.881402
0.910396
0.865022
0.846384
0.884085
0.887915
0.834389
0.820903
0.876008
0.894287
0.837566
0.813779
0.864107
0.877172
0.817137
0.809551
0.891769
0.92508
0.86239
0.838979
0.896687
0.897993
0.809128
0.780077
0.853169
0.881874
0.823172
0.819752
0.908066
0.935631
0.857811
0.827058
0.890691
0.894836
0.796957
0.768391
0.863131
0.903866
0.830776
0.822301
0.927736
0.948365
0.830619
0.785078
0.873806
0.893916
0.796009
0.784693
0.898922
0.931798
0.843219
0.82169
0.8972
0.903237
0.824706
0.80789
0.860685
0.868742
0.835805
0.841987
0.870951
0.875515
0.877214
0.880432
0.852574
0.83039
0.860292
0.874158
0.823677
0.81292
0.889963
0.911925
0.824121
0.796391
0.887978
0.91676
0.830966
0.820307
0.920436
0.928849
0.812251
0.769598
0.839894
0.860834
0.817141
0.846355
0.937077
0.952349
0.885884
0.836104
0.818133
0.792434
0.780153
0.819293
0.887061
0.934045
0.939506
0.912048
0.867553
0.814041
0.766404
0.764643
0.824019
0.887775
0.907836
0.919283
0.941489
0.909499
0.814456
0.766857
0.808005
0.836879
0.817449
0.844098
0.925791
0.942716
0.876042
0.842213
0.866109
0.853299
0.797967
0.796471
0.855586
0.885204
0.870275
0.877489
0.907934
0.894871
0.836914
0.804479
0.81753
0.827686
0.825061
0.857254
0.92223
0.945009
0.899904
0.855204
0.845309
0.813309
0.750989
0.758003
0.861259
0.932627
0.90971
0.908277
0.969028
0.936428
0.774009
0.702761
0.806147
0.855156
0.767926
0.80064
1.01058
1.06167
0.861841
0.778668
0.919935
0.90872
0.671338
0.646109
0.915592
1.00438
0.807758
0.789523
1.02604
1.03543
0.756089
0.691423
0.918414
0.954149
0.731139
0.713901
0.952614
0.987911
0.770349
0.744579
0.961191
0.995682
0.798096
0.768997
0.948713
0.951859
0.746889
0.713151
0.891014
0.929102
0.792431
0.800457
0.965548
0.978887
0.827032
0.789514
0.882688
0.878245
0.781917
0.790051
0.887376
0.907712
0.857811
0.852809
0.880053
0.867307
0.837763
0.840942
0.860383
0.869107
0.870734
0.866042
0.85197
0.836787
0.826049
0.827522
0.853067
0.8828
0.886859
0.889737
0.912774
0.894016
0.808315
0.768007
0.827314
0.854964
0.799294
0.824975
0.967524
0.995915
0.851576
0.796906
0.899782
0.88534
0.714492
0.711212
0.916693
0.976674
0.833898
0.826488
0.983609
0.963183
0.757309
0.717521
0.86536
0.891752
0.79002
0.820659
0.956599
0.961121
0.85777
0.827346
0.849165
0.824637
0.803091
0.829752
0.847884
0.865546
0.924514
0.934938
0.844298
0.804434
0.878905
0.879707
0.761614
0.764461
0.926133
0.96216
0.825948
0.810756
0.948435
0.935911
0.759242
0.737621
0.891214
0.915709
0.795737
0.810115
0.953578
0.955209
0.81926
0.7943
0.882202
0.876857
0.791814
0.805988
0.897188
0.909079
0.855605
0.849213
0.871315
0.854007
0.830544
0.839741
0.850513
0.861766
0.896764
0.904151
0.850705
0.823214
0.859978
0.853948
0.784749
0.796494
0.904822
0.935341
0.861239
0.85267
0.922325
0.898679
0.786711
0.772529
0.861063
0.878003
0.815955
0.828905
0.911721
0.913481
0.839401
0.835727
0.901898
0.900994
0.831155
0.817649
0.860531
0.848714
0.794756
0.80885
0.87966
0.907009
0.891919
0.896836
0.902969
0.868869
0.825969
0.806716
0.797877
0.809256
0.855539
0.888865
0.879868
0.884153
0.916239
0.900111
0.833221
0.813229
0.847223
0.844321
0.808822
0.823855
0.874696
0.888942
0.879757
0.886685
0.884932
0.86313
0.85268
0.838926
0.80128
0.803419
0.871987
0.902344
0.856787
0.859667
0.932364
0.911185
0.783381
0.758457
0.865332
0.883517
0.792194
0.825607
0.98231
0.987931
0.830413
0.792707
0.8925
0.858447
0.702545
0.722651
0.911253
0.961195
0.86049
0.881801
1.00673
0.959423
0.769829
0.725375
0.825987
0.831361
0.757616
0.814593
0.958497
0.973933
0.881171
0.857353
0.890351
0.855769
0.790102
0.80244
0.859541
0.873117
0.85825
0.859636
0.859769
0.846599
0.846105
0.857099
0.861456
0.8764
0.904837
0.899164
0.851247
0.823297
0.831745
0.820729
0.792127
0.819113
0.895412
0.925665
0.895655
0.888792
0.909379
0.869906
0.782652
0.76759
0.833254
0.859345
0.832713
0.866675
0.950185
0.940243
0.841586
0.81183
0.860711
0.845725
0.776894
0.804749
0.909185
0.925883
0.859698
0.854734
0.89986
0.869103
0.790869
0.794442
0.861993
0.880801
0.858848
0.876602
0.911313
0.889217
0.833332
0.815217
0.830721
0.835117
0.835967
0.861365
0.891626
0.892946
0.87374
0.858538
0.848653
0.841205
0.844696
0.856344
0.862525
0.863346
0.86192
0.848424
0.828138
0.829341
0.855665
0.878064
0.887516
0.89759
0.897938
0.869595
0.829973
0.807064
0.802374
0.815197
0.849289
0.881282
0.888779
0.893533
0.906678
0.888959
0.839788
0.827741
0.859242
0.851687
0.800837
0.803766
0.863702
0.875072
0.840087
0.870201
0.948122
0.93859
0.848586
0.816694
0.846328
0.818827
0.756667
0.794816
0.906892
0.936909
0.883595
0.880122
0.918195
0.871782
0.771788
0.772764
0.861726
0.883505
0.838763
0.864889
0.940053
0.912964
0.809355
0.795276
0.860387
0.854727
0.798223
0.832429
0.923212
0.924946
0.86208
0.857024
0.883735
0.850652
0.798222
0.802597
0.832809
0.849871
0.877798
0.903899
0.891548
0.882398
0.902452
0.870628
0.780241
0.772196
0.860784
0.874176
0.804844
0.84482
0.972556
0.954124
0.81316
0.800732
0.895867
0.863803
0.751333
0.7901
0.921661
0.923833
0.84256
0.852542
0.902855
0.868608
0.812038
0.823591
0.854755
0.863798
0.880778
0.885947
0.849947
0.83412
0.863392
0.852812
0.801236
0.827751
0.919397
0.924773
0.849723
0.846173
0.899099
0.858603
0.761047
0.776847
0.878998
0.898157
0.850562
0.882752
0.957283
0.91857
0.805151
0.782795
0.835609
0.825285
0.781103
0.834154
0.939878
0.950679
0.887116
0.873314
0.889501
0.836726
0.758411
0.768178
0.840575
0.873173
0.873792
0.909932
0.950239
0.917082
0.837427
0.800763
0.810045
0.802637
0.789588
0.838871
0.925298
0.944012
0.892629
0.875911
0.897201
0.847804
0.750733
0.76285
0.87164
0.891191
0.823571
0.862426
0.979819
0.94103
0.782409
0.78047
0.90925
0.881352
0.739002
0.790977
0.975616
0.949494
0.77028
0.792924
0.95814
0.911978
0.731395
0.781969
0.9794
0.947706
0.763564
0.792527
0.956293
0.904877
0.72945
0.777968
0.959985
0.934273
0.779813
0.812642
0.952768
0.907668
0.764006
0.800806
0.935758
0.907865
0.788279
0.808173
0.902192
0.874113
0.794767
0.837242
0.931854
0.922562
0.856674
0.847099
0.854237
0.813845
0.781981
0.809389
0.855881
0.896132
0.937373
0.94072
0.887072
0.845858
0.84201
0.802168
0.7404
0.777062
0.889118
0.916755
0.868463
0.899198
0.975719
0.925689
0.797089
0.78445
0.851609
0.818905
0.73899
0.793579
0.923624
0.941017
0.884481
0.908613
0.958749
0.890991
0.772153
0.756509
0.809458
0.817048
0.814458
0.87707
0.943676
0.934628
0.889143
0.859185
0.83042
0.810938
0.830124
0.85192
0.846553
0.866397
0.910309
0.880492
0.794783
0.79875
0.880802
0.882377
0.826519
0.873351
0.966905
0.923681
0.803002
0.790923
0.842555
0.814575
0.772209
0.832739
0.9204
0.934038
0.91764
0.906565
0.863265
0.818314
0.820129
0.808147
0.767839
0.81904
0.945008
0.947317
0.836877
0.8472
0.948164
0.876549
0.704853
0.756477
0.952857
0.935403
0.778845
0.839719
1.01229
0.921288
0.694391
0.737952
0.941279
0.90876
0.751018
0.842009
1.04223
0.96013
0.729911
0.752107
0.919899
0.864224
0.706557
0.810308
1.03435
0.987026
0.784243
0.808975
0.95526
0.863232
0.667498
0.748407
0.973042
0.947843
0.784721
0.852226
1.0223
0.930648
0.718119
0.757596
0.924906
0.872225
0.725079
0.805913
0.980992
0.94143
0.80722
0.851191
0.958469
0.89397
0.769369
0.788462
0.860334
0.833304
0.791902
0.843969
0.912762
0.922224
0.916041
0.90946
0.868075
0.826536
0.819896
0.794236
0.75321
0.803729
0.921112
0.938829
0.869644
0.892853
0.968409
0.887708
0.726331
0.751641
0.895809
0.872344
0.756145
0.83908
1.0122
0.949606
0.766344
0.806139
0.957362
0.884421
0.714922
0.785544
0.961415
0.907947
0.756255
0.824566
0.981238
0.923449
0.776596
0.821282
0.937549
0.869441
0.737675
0.787613
0.915365
0.897955
0.823562
0.880425
0.970009
0.908913
0.787855
0.787379
0.846424
0.823079
0.784663
0.853078
0.947212
0.935013
0.870394
0.861265
0.86983
0.828192
0.790654
0.819721
0.867064
0.875937
0.868867
0.8703
0.863833
0.851851
0.854922
0.862363
0.861697
0.870116
0.880996
0.857633
0.816264
0.815434
0.847702
0.856512
0.853037
0.88691
0.924686
0.897244
0.835684
0.819911
0.835485
0.821576
0.806739
0.852061
0.914951
0.913714
0.872875
0.865856
0.872593
0.834155
0.78944
0.813161
0.870818
0.879055
0.858818
0.88115
0.913439
0.878482
0.816513
0.820123
0.859
0.845637
0.815165
0.852661
0.911719
0.898112
0.851829
0.858404
0.87902
0.844466
0.802656
0.819237
0.855832
0.863786
0.869064
0.890163
0.897361
0.88282
0.864832
0.840632
0.813969
0.812533
0.833113
0.846947
0.860113
0.886156
0.901498
0.894884
0.884233
0.86066
0.820026
0.812619
0.844258
0.838696
0.806149
0.85316
0.941752
0.919072
0.830677
0.85241
0.922642
0.85411
0.738884
0.790153
0.911309
0.88567
0.807819
0.872189
0.966739
0.904376
0.796313
0.816869
0.875384
0.838009
0.791962
0.839034
0.898127
0.890393
0.871492
0.879393
0.873263
0.85189
0.845419
0.831388
0.806278
0.829804
0.88966
0.892366
0.854646
0.880807
0.928112
0.867994
0.765719
0.786989
0.874734
0.859379
0.806823
0.885205
0.99452
0.929352
0.787555
0.797183
0.877242
0.815106
0.721551
0.828291
1.0002
0.960773
0.823565
0.86182
0.955515
0.840238
0.675504
0.761908
0.94363
0.907041
0.791371
0.882722
1.01631
0.904392
0.724685
0.779172
0.915778
0.860361
0.760978
0.861528
0.997446
0.921506
0.781046
0.811059
0.891468
0.828284
0.749286
0.8344
0.955102
0.929448
0.854306
0.877978
0.911821
0.839628
0.760493
0.78969
0.851784
0.855745
0.854552
0.896405
0.922956
0.8997
0.868471
0.84551
0.81847
0.811418
0.833186
0.842682
0.841818
0.877361
0.919895
0.899466
0.849748
0.846517
0.858394
0.826051
0.797294
0.831348
0.881079
0.889587
0.883938
0.893467
0.890084
0.855844
0.820128
0.811084
0.822406
0.832654
0.843045
0.877519
0.919517
0.907702
0.855593
0.855676
0.88912
0.837565
0.753516
0.808462
0.926822
0.886914
0.780799
0.858177
0.990656
0.895809
0.734453
0.818649
0.972835
0.880109
0.72883
0.824217
0.967813
0.875626
0.746888
0.836039
0.956955
0.894912
0.808003
0.853591
0.898868
0.845034
0.803865
0.832841
0.859624
0.871228
0.89448
0.886842
0.843956
0.84264
0.870229
0.839366
0.796231
0.848396
0.925948
0.895975
0.826175
0.850988
0.899422
0.842435
0.769861
0.827705
0.922778
0.891166
0.817953
0.867834
0.943585
0.868573
0.758064
0.815258
0.922532
0.864982
0.767931
0.849505
0.966131
0.889533
0.77096
0.840642
0.947313
0.871996
0.767226
0.837662
0.933502
0.865951
0.776094
0.83563
0.918073
0.871784
0.809169
0.862793
0.927762
0.877598
0.80507
0.8348
0.88777
0.845419
0.78931
0.846667
0.930363
0.892336
0.81611
0.859681
0.929383
0.853759
0.747905
0.812944
0.927818
0.875103
0.784539
0.87715
0.995762
0.897975
0.750216
0.807357
0.910424
0.826052
0.731351
0.850182
0.993202
0.933144
0.828876
0.866095
0.903426
0.811966
0.742087
0.804507
0.881933
0.896282
0.906441
0.913803
0.875602
0.839111
0.834914
0.805328
0.777492
0.84951
0.948328
0.920862
0.838685
0.859124
0.8979
0.814002
0.734528
0.819638
0.936802
0.91625
0.860827
0.898488
0.921864
0.832453
0.751086
0.783002
0.843841
0.855356
0.869884
0.9184
0.940002
0.904545
0.856241
0.828725
0.813199
0.800308
0.802778
0.835926
0.88009
0.890751
0.876528
0.894076
0.920692
0.873458
0.800152
0.827757
0.892819
0.834776
0.747402
0.831053
0.958819
0.887742
0.771055
0.879362
1.02072
0.89033
0.708509
0.808152
0.958092
0.828501
0.679742
0.845723
1.04481
0.930531
0.765949
0.867426
0.978412
0.824344
0.674528
0.794501
0.944604
0.889223
0.820761
0.907081
0.966443
0.870855
0.781843
0.806017
0.839315
0.831146
0.847404
0.882184
0.886001
0.888373
0.898278
0.855831
0.797105
0.826442
0.887853
0.854441
0.802572
0.867526
0.942554
0.876004
0.78984
0.843802
0.913983
0.850958
0.78445
0.852204
0.923083
0.86934
0.810244
0.855011
0.899985
0.859331
0.823011
0.856867
0.885191
0.856658
0.830076
0.845644
0.863387
0.856022
0.852449
0.871432
0.885278
0.869658
0.846195
0.845309
0.852761
0.840645
0.830759
0.856756
0.886121
0.871092
0.844786
0.859938
0.881471
0.858289
0.833722
0.859777
0.885048
0.852391
0.814244
0.832607
0.864064
0.85491
0.849199
0.893323
0.927954
0.887578
0.825813
0.822117
0.838032
0.805638
0.786185
0.86359
0.95048
0.919204
0.848182
0.875384
0.911563
0.817187
0.725759
0.816016
0.937005
0.878737
0.793043
0.888697
0.985379
0.862568
0.728148
0.827214
0.950131
0.849786
0.74267
0.870914
1.00115
0.881912
0.746203
0.845848
0.952901
0.827832
0.709019
0.840649
0.986102
0.895527
0.788872
0.898241
0.994478
0.845148
0.6911
0.788883
0.918304
0.829524
0.745124
0.909312
1.06684
0.933441
0.76065
0.852753
0.959095
0.778832
0.608755
0.792493
1.01357
0.890573
0.742039
0.947222
1.13862
0.903233
0.639097
0.797858
0.985542
0.763148
0.563765
0.839382
1.12627
0.940415
