0.962778
0.922962
0.828204
0.737787
0.710131
0.767721
0.883161
0.994617
1.04152
0.999514
0.894096
0.78521
0.732001
0.758672
0.841398
0.923692
0.950783
0.902487
0.805205
0.716213
0.689789
0.745276
0.855799
0.963958
1.01498
0.987706
0.905476
0.820976
0.784519
0.814644
0.888184
0.955164
0.969225
0.915395
0.818938
0.7305
0.696674
0.733479
0.818064
0.902985
0.944102
0.925499
0.867075
0.811006
0.79573
0.833112
0.90202
0.961556
0.975533
0.93357
0.856632
0.78435
0.752132
0.771633
0.825678
0.879835
0.903196
0.88592
0.843614
0.806689
0.801579
0.835055
0.890555
0.938143
0.95184
0.924178
0.869835
0.816757
0.790278
0.799425
0.832999
0.867192
0.880004
0.864047
0.830513
0.802245
0.800059
0.830232
0.880343
0.925879
0.943861
0.925766
0.882306
0.837297
0.814056
0.822165
0.852286
0.882097
0.889925
0.868043
0.827677
0.792628
0.785152
0.812469
0.861993
0.908246
0.927449
0.911146
0.870805
0.830712
0.813514
0.827073
0.8604
0.890888
0.898265
0.876824
0.838682
0.806386
0.799475
0.823067
0.865052
0.903264
0.918174
0.903667
0.869865
0.836718
0.822351
0.832904
0.859499
0.883824
0.888985
0.869472
0.834657
0.803823
0.795388
0.816228
0.857109
0.897093
0.914865
0.900912
0.8636
0.825198
0.80946
0.82748
0.870138
0.91223
0.926765
0.901548
0.848058
0.796444
0.778513
0.808198
0.871412
0.932362
0.953729
0.919293
0.845192
0.772098
0.741927
0.772518
0.845792
0.917388
0.942897
0.905285
0.826634
0.756296
0.741744
0.799345
0.902907
0.997594
1.0315
0.986284
0.88827
0.793174
0.753139
0.785849
0.864246
0.933169
0.94299
0.880077
0.775748
0.688285
0.668742
0.730927
0.843341
0.947691
0.99275
0.963404
0.887897
0.81947
0.803823
0.851942
0.934227
0.998869
1.00306
0.938346
0.835289
0.745382
0.711308
0.743286
0.814988
0.880624
0.902406
0.871992
0.813738
0.768671
0.769387
0.820888
0.898217
0.961572
0.979389
0.945772
0.882565
0.825615
0.803884
0.823668
0.866625
0.901994
0.905287
0.872445
0.821598
0.78196
0.776699
0.809752
0.863896
0.910786
0.926938
0.906499
0.863748
0.824239
0.809875
0.826518
0.861098
0.889743
0.89215
0.8639
0.819576
0.7848
0.781641
0.815715
0.872461
0.924893
0.948547
0.935094
0.896718
0.858598
0.843753
0.859096
0.890998
0.913248
0.902981
0.855251
0.787492
0.730832
0.71296
0.74242
0.803585
0.865511
0.899686
0.896345
0.869643
0.848476
0.858223
0.904253
0.967195
1.01317
1.01323
0.960727
0.87607
0.795963
0.753041
0.757873
0.793914
0.828446
0.833015
0.801165
0.752759
0.722194
0.737458
0.802562
0.89394
0.973098
1.00806
0.990861
0.940881
0.892133
0.872524
0.887573
0.918272
0.93398
0.91214
0.852672
0.778448
0.72196
0.706676
0.734461
0.786263
0.834838
0.861037
0.863527
0.856625
0.858667
0.879129
0.912806
0.944135
0.957876
0.948525
0.922346
0.89147
0.865071
0.84427
0.824234
0.801251
0.778716
0.766747
0.775084
0.804377
0.842904
0.872303
0.87941
0.866196
0.850103
0.853123
0.885882
0.937447
0.978836
0.979725
0.928638
0.843476
0.76424
0.730813
0.758699
0.828092
0.89427
0.914255
0.873942
0.798593
0.739073
0.741084
0.815721
0.929817
1.02314
1.04315
0.976773
0.859684
0.756605
0.723658
0.775061
0.874378
0.956147
0.965397
0.891487
0.775685
0.687435
0.68308
0.771592
0.907998
1.0188
1.04459
0.974588
0.852647
0.750993
0.727449
0.791536
0.899592
0.981612
0.983617
0.900144
0.777565
0.68651
0.680095
0.762928
0.889087
0.989736
1.01343
0.955024
0.856415
0.779724
0.769684
0.828
0.914388
0.972527
0.964392
0.892142
0.79521
0.725622
0.717425
0.768633
0.84546
0.904636
0.919131
0.891747
0.849665
0.825127
0.835301
0.873584
0.916302
0.938915
0.930645
0.898767
0.861363
0.83478
0.824546
0.825007
0.8264
0.823236
0.817788
0.81682
0.824875
0.839786
0.853978
0.860478
0.858794
0.855878
0.861066
0.878523
0.902821
0.921265
0.921834
0.901459
0.868855
0.839674
0.826936
0.833028
0.848535
0.858705
0.853235
0.832943
0.809072
0.795929
0.80188
0.824615
0.85341
0.876405
0.88769
0.889571
0.889045
0.891591
0.89702
0.900242
0.895964
0.883397
0.867171
0.853722
0.846013
0.840951
0.831907
0.814818
0.793299
0.778399
0.782292
0.809681
0.85292
0.894854
0.918357
0.916742
0.898132
0.880425
0.879585
0.898637
0.924675
0.936291
0.917128
0.867105
0.804035
0.754308
0.738116
0.758233
0.799162
0.83704
0.854076
0.848662
0.835134
0.833699
0.857
0.901642
0.949663
0.978771
0.97496
0.940031
0.88991
0.845296
0.82045
0.816623
0.82341
0.826574
0.817298
0.797477
0.778303
0.7734
0.79067
0.827458
0.871557
0.90731
0.923415
0.918273
0.900168
0.882267
0.875173
0.881035
0.892475
0.897057
0.885011
0.85589
0.82017
0.794355
0.791894
0.814924
0.851916
0.883219
0.891934
0.873994
0.841257
0.815119
0.813836
0.840916
0.881886
0.912101
0.91152
0.8777
0.828737
0.793592
0.795021
0.835234
0.893362
0.936894
0.940722
0.902379
0.843995
0.799376
0.793748
0.828436
0.879974
0.914383
0.908015
0.862237
0.802911
0.764962
0.771453
0.81992
0.88414
0.929974
0.935415
0.902659
0.855276
0.822865
0.823063
0.851922
0.887959
0.906532
0.895088
0.859951
0.821159
0.799498
0.804321
0.829495
0.859058
0.877963
0.880596
0.872059
0.862468
0.859081
0.861909
0.86536
0.8639
0.857006
0.849587
0.847758
0.853451
0.862283
0.866579
0.861481
0.849513
0.839819
0.842047
0.858883
0.882627
0.89879
0.894969
0.869416
0.833457
0.805642
0.800855
0.821108
0.853983
0.879995
0.884514
0.866863
0.840818
0.826071
0.835834
0.86823
0.906851
0.930205
0.924374
0.891235
0.847367
0.814391
0.806599
0.823222
0.849733
0.867135
0.863512
0.840974
0.814061
0.800815
0.811955
0.844524
0.883575
0.910703
0.914367
0.896053
0.868895
0.849762
0.849478
0.866771
0.8893
0.901059
0.891818
0.863211
0.828007
0.802973
0.799414
0.816788
0.843098
0.861908
0.862026
0.84425
0.821172
0.809955
0.822127
0.856312
0.898287
0.928601
0.933497
0.91281
0.880075
0.854579
0.849893
0.865664
0.887708
0.896556
0.879545
0.839201
0.792729
0.762637
0.76388
0.795133
0.839485
0.87425
0.884134
0.869895
0.847328
0.837184
0.852138
0.888679
0.928828
0.950647
0.941177
0.904047
0.857276
0.822717
0.813598
0.827588
0.8493
0.860394
0.850916
0.825055
0.798101
0.786853
0.799533
0.831267
0.867501
0.892802
0.899463
0.890821
0.877789
0.871336
0.875833
0.887188
0.896375
0.895592
0.882947
0.862993
0.84333
0.829944
0.82436
0.824103
0.825539
0.826761
0.828513
0.832833
0.840819
0.851369
0.861818
0.869825
0.874916
0.878446
0.882059
0.885927
0.888247
0.886446
0.879205
0.867724
0.855229
0.84504
0.83867
0.835363
0.833362
0.831808
0.831652
0.83476
0.841902
0.851358
0.859534
0.86344
0.863211
0.862532
0.866166
0.876012
0.888588
0.896207
0.891695
0.873765
0.849232
0.829939
0.825787
0.838152
0.858235
0.87197
0.86884
0.849054
0.824217
0.810602
0.818945
0.847188
0.881003
0.902064
0.899097
0.874791
0.844193
0.82554
0.829236
0.851838
0.878657
0.893151
0.887078
0.865116
0.841357
0.830234
0.837776
0.858552
0.879743
0.889312
0.882912
0.865441
0.846898
0.835771
0.83439
0.83888
0.843063
0.843158
0.84
0.837639
0.83979
0.847004
0.856547
0.86482
0.870216
0.874115
0.879233
0.886667
0.89404
0.896401
0.8895
0.873189
0.852426
0.834904
0.826644
0.828395
0.835301
0.840171
0.838318
0.830826
0.82405
0.825588
0.839247
0.862204
0.886207
0.902075
0.904748
0.895778
0.881869
0.870505
0.865491
0.865142
0.864074
0.857241
0.843547
0.826753
0.813265
0.808383
0.813474
0.825744
0.840506
0.854161
0.865839
0.876708
0.887749
0.897879
0.904013
0.903144
0.894857
0.88224
0.870171
0.861957
0.856747
0.849904
0.83658
0.816318
0.795303
0.784058
0.791314
0.817686
0.853573
0.883436
0.89459
0.885259
0.866458
0.855713
0.865831
0.895598
0.928765
0.942877
0.923205
0.873246
0.814687
0.775923
0.7755
0.810551
0.857801
0.88722
0.88039
0.842295
0.798884
0.781405
0.806855
0.86664
0.93072
0.965031
0.951658
0.899418
0.838337
0.801492
0.805436
0.841169
0.88092
0.896086
0.874959
0.829325
0.786374
0.771586
0.793602
0.840251
0.887382
0.914054
0.914112
0.897307
0.880392
0.875088
0.881195
0.888883
0.887498
0.873899
0.854237
0.838313
0.831324
0.829708
0.824602
0.810409
0.791694
0.782342
0.796402
0.83654
0.888699
0.92811
0.934144
0.904708
0.860012
0.831658
0.842694
0.891056
0.947898
0.97353
0.942267
0.860827
0.767738
0.712457
0.725843
0.800009
0.890896
0.94342
0.924817
0.84588
0.756245
0.715388
0.756181
0.863199
0.979772
1.04055
1.01053
0.906883
0.789845
0.727396
0.754697
0.852768
0.959604
1.00734
0.963169
0.84934
0.730012
0.673019
0.709619
0.81648
0.930455
0.986779
0.957316
0.865927
0.772381
0.735415
0.777818
0.874352
0.968768
1.00835
0.974462
0.891006
0.807291
0.767221
0.78435
0.837278
0.886337
0.899505
0.870873
0.82118
0.782072
0.775674
0.802753
0.845742
0.882631
0.901157
0.903875
0.902092
0.904607
0.910326
0.910051
0.895441
0.867607
0.838175
0.821498
0.823626
0.836598
0.843092
0.829041
0.795557
0.761227
0.75191
0.783828
0.850978
0.925845
0.974158
0.975111
0.93436
0.881074
0.850206
0.860607
0.902677
0.943623
0.947592
0.898522
0.811609
0.726033
0.682948
0.701835
0.76937
0.847525
0.896006
0.895631
0.858707
0.820412
0.816543
0.861079
0.936974
1.00558
1.02903
0.992224
0.911657
0.825903
0.773697
0.772483
0.80985
0.852512
0.867124
0.840465
0.787155
0.740612
0.732873
0.775321
0.851614
0.926789
0.966988
0.9582
0.913213
0.863055
0.838319
0.851471
0.890389
0.926548
0.932646
0.899121
0.839896
0.784264
0.75992
0.777214
0.823674
0.871738
0.894863
0.882547
0.845656
0.809284
0.79763
0.81983
0.86488
0.908388
0.926951
0.911722
0.873318
0.835388
0.820705
0.837936
0.876726
0.913842
0.926723
0.906502
0.862977
0.818702
0.795788
0.803184
0.831907
0.860928
0.870111
0.852451
0.818305
0.789187
0.784903
0.811819
0.859195
0.90563
0.931496
0.929764
0.908836
0.886076
0.876458
0.883533
0.89813
0.905119
0.8935
0.863291
0.825129
0.793406
0.777843
0.778977
0.789997
0.80288
0.814077
0.825755
0.842184
0.864535
0.888423
0.906311
0.913013
0.909923
0.90435
0.903963
0.910225
0.915959
0.909545
0.8835
0.841589
0.798991
0.774415
0.778685
0.807231
0.841927
0.861794
0.856119
0.83151
0.80802
0.80642
0.834575
0.881686
0.924284
0.940315
0.922475
0.882418
0.843311
0.825651
0.835348
0.861388
0.884004
0.887635
0.870225
0.843317
0.823614
0.822113
0.837964
0.860476
0.877055
0.881166
0.875028
0.865956
0.859826
0.856829
0.852522
0.842898
0.829102
0.817773
0.816478
0.827632
0.845756
0.860603
0.86435
0.85774
0.850437
0.85471
0.876398
0.909394
0.937868
0.945343
0.925004
0.884449
0.841583
0.814089
0.809181
0.820189
0.832028
0.831773
0.817304
0.798422
0.789986
0.801902
0.832708
0.870782
0.901892
0.917623
0.918949
0.913027
0.906243
0.899129
0.887049
0.865964
0.838383
0.814218
0.804979
0.815111
0.837104
0.855032
0.855225
0.837108
0.815975
0.814244
0.845697
0.903006
0.958054
0.976883
0.94121
0.862817
0.780261
0.737913
0.759072
0.829959
0.905904
0.937623
0.902321
0.820098
0.744114
0.728956
0.795828
0.916354
1.02632
1.06246
1.00072
0.872313
0.746941
0.692298
0.733884
0.839679
0.939466
0.967567
0.903232
0.784016
0.68374
0.668124
0.754849
0.902183
1.03301
1.07974
1.02314
0.902125
0.789162
0.746799
0.791447
0.88573
0.963015
0.96849
0.891896
0.772816
0.67641
0.654967
0.718355
0.830187
0.930698
0.971719
0.942909
0.874642
0.817312
0.810447
0.860076
0.936866
0.994857
0.998798
0.943958
0.857563
0.782135
0.751215
0.771599
0.821657
0.86571
0.875398
0.845615
0.796298
0.75979
0.761578
0.805624
0.872416
0.930383
0.953768
0.93661
0.895024
0.856878
0.845169
0.864854
0.90066
0.926822
0.922779
0.885475
0.831142
0.785764
0.770094
0.788163
0.825863
0.860072
0.872493
0.859871
0.834732
0.816739
0.820327
0.846201
0.881526
0.908148
0.913425
0.897063
0.870258
0.848291
0.841543
0.850335
0.86618
0.87795
0.878702
0.869065
0.855677
0.84631
0.84508
0.850565
0.857471
0.860289
0.856468
0.847375
0.836957
0.829332
0.826869
0.829622
0.836008
0.843978
0.851978
0.859367
0.866352
0.873594
0.881617
0.890139
0.897637
0.901517
0.899129
0.889291
0.873477
0.855716
0.840921
0.832374
0.829896
0.830033
0.828428
0.82303
0.816037
0.813033
0.81955
0.837094
0.861258
0.883463
0.89553
0.894401
0.883967
0.872707
0.868448
0.873509
0.883318
0.889428
0.885048
0.869537
0.848986
0.832541
0.826847
0.832205
0.84281
0.850749
0.851024
0.844315
0.835885
0.831657
0.834337
0.842177
0.850979
0.857561
0.861976
0.866842
0.874443
0.884009
0.891545
0.892582
0.885885
0.875153
0.866993
0.866181
0.871507
0.875528
0.869087
0.84803
0.817587
0.790905
0.781898
0.796517
0.828131
0.860506
0.87719
0.871735
0.852206
0.83665
0.841816
0.871932
0.914735
0.947714
0.951234
0.920683
0.870045
0.824355
0.805275
0.818425
0.850202
0.876178
0.876113
0.846512
0.803078
0.771491
0.772016
0.807218
0.860149
0.904119
0.918162
0.899
0.862458
0.833651
0.83192
0.85949
0.900445
0.930404
0.930982
0.900463
0.854547
0.81697
0.805712
0.82289
0.854099
0.877341
0.876146
0.84923
0.811198
0.784056
0.784537
0.814541
0.860079
0.899214
0.914403
0.902188
0.874743
0.852419
0.851556
0.874543
0.907922
0.929822
0.922667
0.883942
0.828694
0.781955
0.765082
0.783681
0.824222
0.861678
0.87415
0.856117
0.822327
0.799521
0.810305
0.858477
0.92481
0.976519
0.985604
0.945576
0.87642
0.814128
0.790244
0.813204
0.862792
0.90174
0.898248
0.846289
0.771163
0.716114
0.717122
0.780552
0.877399
0.958465
0.982354
0.940006
0.86084
0.796053
0.788258
0.845287
0.934164
0.999678
0.997201
0.920407
0.806908
0.717598
0.70127
0.765365
0.870647
0.953668
0.964214
0.895546
0.789106
0.710335
0.709675
0.791963
0.912774
1.00425
1.01519
0.941482
0.828517
0.744107
0.738112
0.812976
0.922778
1.00111
1.00078
0.921505
0.809161
0.727696
0.721062
0.788119
0.88505
0.952916
0.952962
0.888392
0.800273
0.741322
0.744359
0.804456
0.884524
0.939391
0.942724
0.900569
0.844583
0.810808
0.818007
0.858545
0.905939
0.932649
0.926204
0.894118
0.856163
0.830557
0.823567
0.82853
0.833366
0.830242
0.820459
0.811923
0.812053
0.821965
0.836231
0.847953
0.85482
0.861183
0.874302
0.8975
0.925503
0.945927
0.946515
0.923466
0.885031
0.847477
0.82559
0.82373
0.833343
0.838781
0.827917
0.800749
0.770388
0.75556
0.769183
0.810096
0.863126
0.907467
0.928244
0.924254
0.907351
0.89417
0.895514
0.909941
0.925251
0.926602
0.905986
0.867273
0.823985
0.791554
0.779003
0.78497
0.80003
0.813297
0.818956
0.818831
0.819938
0.829131
0.848456
0.873981
0.898353
0.915038
0.921447
0.919272
0.912354
0.903889
0.894845
0.884311
0.871103
0.855233
0.838256
0.822509
0.81001
0.801866
0.798431
0.799793
0.80601
0.816881
0.831552
0.848468
0.865839
0.882272
0.896988
0.909392
0.918347
0.92191
0.918041
0.90599
0.887382
0.866036
0.846343
0.831124
0.82043
0.812209
0.804489
0.797555
0.794476
0.799398
0.814643
0.838574
0.865797
0.889701
0.905712
0.913134
0.914427
0.912618
0.908821
0.901709
0.889234
0.871153
0.850244
0.831106
0.817361
0.809434
0.804828
0.800895
0.798045
0.800637
0.81428
0.840999
0.875708
0.907142
0.923522
0.919817
0.901698
0.882895
0.876795
0.887264
0.904875
0.911775
0.892992
0.847376
0.79084
0.748914
0.742292
0.773961
0.826229
0.870308
0.883329
0.862584
0.827905
0.809976
0.831117
0.890129
0.960899
1.00639
1.00019
0.942722
0.86207
0.798308
0.780309
0.808886
0.856602
0.884713
0.867264
0.80782
0.738468
0.701333
0.723454
0.800055
0.896398
0.967312
0.982866
0.944955
0.884981
0.844184
0.848564
0.893458
0.946909
0.969542
0.938792
0.862903
0.776462
0.720441
0.718904
0.766183
0.831701
0.878921
0.886637
0.859979
0.82518
0.812111
0.835672
0.887175
0.940287
0.967141
0.954458
0.910188
0.857471
0.820464
0.811029
0.82396
0.84265
0.850695
0.841872
0.822692
0.806889
0.806146
0.823166
0.850993
0.87817
0.895733
0.901464
0.899212
0.894598
0.890605
0.886124
0.878037
0.864781
0.848454
0.833817
0.825031
0.8227
0.823595
0.823406
0.820521
0.817962
0.821777
0.836715
0.86208
0.890787
0.912611
0.919829
0.911695
0.894806
0.878984
0.871206
0.871444
0.873062
0.867533
0.850448
0.824974
0.80057
0.787738
0.792078
0.811244
0.836529
0.857921
0.869476
0.871856
0.870808
0.872839
0.880895
0.892573
0.901698
0.902091
0.891223
0.871757
0.8503
0.834181
0.828012
0.831691
0.840748
0.848832
0.851117
0.846999
0.840604
0.838596
0.846149
0.863147
0.883006
0.89537
0.89181
0.871473
0.843051
0.821065
0.817825
0.835527
0.863646
0.88416
0.882349
0.856895
0.822547
0.802572
0.814624
0.858404
0.913392
0.949291
0.943866
0.89751
0.834924
0.791704
0.793069
0.837581
0.896499
0.930209
0.912506
0.847948
0.771019
0.726662
0.743338
0.814963
0.903203
0.959452
0.953652
0.892532
0.815934
0.773047
0.792678
0.86552
0.949272
0.993695
0.970624
0.890921
0.798208
0.743194
0.753973
0.819956
0.8988
0.941908
0.923163
0.853908
0.775623
0.735039
0.756643
0.828719
0.910771
0.957531
0.945226
0.884796
0.814722
0.778077
0.797394
0.861913
0.9343
0.972593
0.954472
0.88986
0.814781
0.770279
0.778707
0.831092
0.892774
0.923965
0.903256
0.84043
0.771092
0.736147
0.757981
0.827189
0.907666
0.957245
0.95195
0.899705
0.8354
0.800083
0.81644
0.875049
0.939651
0.968532
0.939485
0.863578
0.779442
0.731242
0.743215
0.805761
0.881302
0.926468
0.917512
0.863939
0.802363
0.774281
0.801017
0.870673
0.944809
0.980883
0.957191
0.885655
0.804976
0.758282
0.768399
0.825195
0.892241
0.928675
0.913323
0.856901
0.795269
0.767856
0.794052
0.861473
0.932969
0.968197
0.947041
0.88116
0.806973
0.764356
0.773685
0.824702
0.88358
0.913698
0.897576
0.846919
0.794992
0.776209
0.805396
0.869115
0.93395
0.966356
0.951864
0.902259
0.84701
0.814893
0.817386
0.843722
0.869763
0.87426
0.851928
0.815496
0.786412
0.78101
0.801271
0.835517
0.867455
0.886671
0.893426
0.895285
0.899075
0.904753
0.905818
0.895655
0.874471
0.850975
0.836918
0.838247
0.849654
0.857297
0.84863
0.822754
0.793525
0.782138
0.803176
0.85319
0.91007
0.944767
0.938726
0.896024
0.841953
0.808198
0.81342
0.851423
0.894666
0.911346
0.885627
0.828387
0.771577
0.749412
0.777798
0.844537
0.916227
0.957607
0.951646
0.908418
0.857827
0.830978
0.841616
0.878616
0.913577
0.918531
0.883002
0.820427
0.760532
0.73247
0.748697
0.798702
0.855792
0.892578
0.896108
0.874114
0.849192
0.844596
0.87001
0.915465
0.956801
0.969515
0.943028
0.887182
0.827167
0.789684
0.788197
0.815768
0.849656
0.865088
0.850175
0.813171
0.77766
0.768411
0.796236
0.850949
0.90677
0.937084
0.929784
0.894012
0.854294
0.835652
0.84873
0.883883
0.917597
0.927092
0.90408
0.859389
0.815978
0.79501
0.80367
0.831975
0.859972
0.87034
0.85842
0.833805
0.813231
0.809857
0.825794
0.852131
0.875605
0.887017
0.885907
0.87904
0.874538
0.876136
0.881435
0.884809
0.882291
0.874581
0.866023
0.860598
0.858261
0.854693
0.844906
0.828087
0.809856
0.799766
0.805231
0.82591
0.852673
0.872475
0.876424
0.865876
0.852225
0.849971
0.867076
0.898753
0.929036
0.939726
0.921517
0.880407
0.835088
0.806488
0.805582
0.826938
0.852124
0.861141
0.845023
0.81186
0.782385
0.777593
0.805824
0.857143
0.908552
0.936993
0.932398
0.902992
0.86977
0.853569
0.862604
0.887931
0.909401
0.908322
0.879068
0.832668
0.790405
0.771497
0.782342
0.813644
0.846754
0.86502
0.86314
0.849082
0.837923
0.841868
0.862763
0.891469
0.913964
0.919926
0.908335
0.886963
0.866671
0.854667
0.851071
0.850594
0.847512
0.840116
0.831516
0.826599
0.827768
0.832901
0.837178
0.83735
0.83503
0.836118
0.846365
0.866117
0.888341
0.90202
0.899228
0.881232
0.859047
0.847311
0.854879
0.878209
0.902343
0.909556
0.890663
0.85176
0.811688
0.791195
0.800263
0.83154
0.864338
0.877099
0.860814
0.825067
0.792723
0.786307
0.814266
0.865506
0.915572
0.940788
0.931845
0.898743
0.864248
0.84994
0.863267
0.89328
0.917413
0.915167
0.880544
0.826003
0.775757
0.752378
0.764458
0.802302
0.843959
0.867987
0.865628
0.845433
0.827741
0.832145
0.865155
0.915243
0.958392
0.971301
0.944871
0.890109
0.832728
0.799095
0.801434
0.830948
0.863204
0.87301
0.850152
0.806447
0.769444
0.766044
0.805626
0.873031
0.93611
0.963804
0.944114
0.891091
0.836408
0.810462
0.824405
0.864038
0.89925
0.903094
0.868693
0.813592
0.769064
0.761178
0.795396
0.853953
0.907134
0.930952
0.920207
0.889313
0.861356
0.853068
0.86537
0.884844
0.894097
0.883506
0.856648
0.826612
0.806673
0.802207
0.80916
0.819232
0.827168
0.834378
0.84633
0.86613
0.889717
0.906971
0.90845
0.892946
0.86994
0.854346
0.856497
0.87418
0.892732
0.894046
0.869111
0.825764
0.785857
0.772751
0.796557
0.84659
0.896395
0.918927
0.902841
0.859755
0.817621
0.80387
0.828464
0.87732
0.920382
0.929716
0.896756
0.838193
0.786729
0.772046
0.803272
0.863414
0.919145
0.940176
0.91677
0.865053
0.817065
0.801508
0.826647
0.875492
0.916057
0.920578
0.882292
0.819841
0.766723
0.752016
0.783693
0.844281
0.901267
0.926022
0.910053
0.869127
0.833065
0.827437
0.858103
0.907692
0.945945
0.947681
0.907717
0.844052
0.787592
0.76462
0.782267
0.825313
0.865869
0.880005
0.861533
0.825038
0.796692
0.798409
0.834678
0.889621
0.935882
0.950126
0.926259
0.878831
0.834732
0.817897
0.835711
0.874846
0.908992
0.9142
0.883151
0.830076
0.78319
0.768632
0.794959
0.84733
0.895275
0.910113
0.882184
0.827604
0.779932
0.77089
0.811108
0.88251
0.947574
0.970765
0.939801
0.873837
0.81296
0.794549
0.830336
0.89824
0.954573
0.959977
0.903755
0.811684
0.732012
0.707509
0.750163
0.833868
0.909809
0.935496
0.900025
0.830303
0.774441
0.772365
0.831419
0.921642
0.993447
1.00688
0.954858
0.866706
0.790253
0.763713
0.794207
0.855349
0.90459
0.909282
0.865734
0.800342
0.752919
0.75282
0.802135
0.875388
0.935076
0.953237
0.926347
0.875433
0.832292
0.820583
0.842913
0.880882
0.907222
0.902359
0.865692
0.815491
0.778049
0.772748
0.801597
0.84888
0.890602
0.908028
0.897569
0.871662
0.850528
0.849814
0.871324
0.902051
0.921947
0.915793
0.882299
0.835154
0.795486
0.780148
0.792624
0.821787
0.84907
0.859669
0.851073
0.833926
0.824879
0.835935
0.866797
0.9048
0.93229
0.936806
0.917879
0.886509
0.858053
0.843184
0.842518
0.847888
0.848866
0.839988
0.824012
0.809482
0.804714
0.812509
0.829033
0.84721
0.861773
0.87219
0.881473
0.892096
0.902485
0.907145
0.900681
0.882804
0.860275
0.843641
0.840377
0.849068
0.859183
0.857515
0.837698
0.806421
0.781437
0.781476
0.813806
0.867495
0.917645
0.939128
0.921983
0.878692
0.837877
0.827252
0.855778
0.906387
0.944747
0.939805
0.884003
0.800406
0.731318
0.714199
0.758998
0.840952
0.914078
0.938076
0.902706
0.834638
0.781882
0.784569
0.849525
0.944349
1.0153
1.01884
0.948112
0.838206
0.746523
0.719598
0.766018
0.851715
0.920622
0.928453
0.869425
0.779875
0.716543
0.722483
0.800957
0.912918
0.99955
1.01641
0.958906
0.864189
0.788571
0.77421
0.82485
0.904751
0.960967
0.955333
0.887025
0.792604
0.724011
0.71803
0.775391
0.861509
0.927736
0.93997
0.897603
0.83207
0.786733
0.790725
0.842401
0.911653
0.958806
0.958132
0.911943
0.847554
0.799975
0.791387
0.819642
0.86184
0.889668
0.88652
0.856177
0.818686
0.79708
0.803658
0.833955
0.871102
0.896823
0.901789
0.889324
0.871217
0.859318
0.858586
0.865548
0.872175
0.871835
0.863255
0.850383
0.839022
0.833038
0.832667
0.835567
0.839248
0.84285
0.847109
0.852943
0.860086
0.866936
0.871667
0.873558
0.873413
0.872742
0.872451
0.872159
0.870714
0.867418
0.862853
0.858515
0.855477
0.853244
0.849908
0.843747
0.835139
0.827185
0.824206
0.828864
0.839885
0.852249
0.86014
0.860925
0.857421
0.856569
0.864924
0.883692
0.906669
0.922879
0.922685
0.903773
0.873122
0.843424
0.82585
0.823546
0.829972
0.833347
0.824601
0.803916
0.781626
0.772618
0.787447
0.825524
0.87461
0.917096
0.939412
0.938981
0.924606
0.910189
0.905714
0.911047
0.916313
0.908514
0.880255
0.835187
0.786868
0.751783
0.740751
0.753769
0.781125
0.809733
0.830633
0.84319
0.853779
0.87025
0.895867
0.926502
0.952569
0.964268
0.956836
0.932785
0.900154
0.868148
0.842886
0.825517
0.813326
0.802707
0.792045
0.782901
0.779119
0.784562
0.800807
0.82591
0.854801
0.881083
0.899497
0.908001
0.908485
0.905604
0.904079
0.905731
0.907975
0.904985
0.89132
0.866138
0.835294
0.809456
0.798664
0.806215
0.82579
0.844245
0.849154
0.836856
0.815831
0.802543
0.811482
0.845192
0.89079
0.926026
0.93208
0.9056
0.862217
0.828454
0.826101
0.858277
0.90611
0.938941
0.93265
0.885193
0.819462
0.770885
0.76653
0.808191
0.870104
0.913462
0.909588
0.857965
0.787837
0.741758
0.750409
0.81367
0.899625
0.962622
0.96999
0.921541
0.849934
0.801323
0.807555
0.866517
0.942599
0.987366
0.968379
0.889085
0.787764
0.715909
0.70864
0.76459
0.847198
0.906659
0.909562
0.858628
0.790813
0.75491
0.781905
0.865728
0.965846
1.03025
1.02535
0.955158
0.858595
0.786651
0.772885
0.814681
0.876088
0.910306
0.888295
0.816561
0.73367
0.687728
0.708201
0.788652
0.890379
0.9646
0.980031
0.93979
0.878027
0.83865
0.848902
0.903284
0.967055
0.996988
0.967095
0.88431
0.785117
0.715222
0.704066
0.748864
0.817183
0.866412
0.868788
0.827507
0.77462
0.751883
0.785552
0.869727
0.968102
1.03351
1.03438
0.97289
0.88421
0.816656
0.803936
0.845452
0.906485
0.938764
0.909887
0.824347
0.7232
0.661615
0.676756
0.764792
0.881231
0.965362
0.975178
0.91226
0.821358
0.764085
0.781763
0.869533
0.977779
1.04084
1.01639
0.91201
0.78241
0.698268
0.704849
0.795043
0.913287
0.988367
0.975685
0.883701
0.76863
0.700584
0.721491
0.82008
0.938807
1.00834
0.988708
0.892557
0.776868
0.708728
0.725935
0.815855
0.924478
0.989369
0.976313
0.897981
0.804407
0.75204
0.770443
0.846204
0.932622
0.978279
0.956981
0.881699
0.795327
0.744843
0.754583
0.81388
0.885248
0.927242
0.918195
0.8674
0.808151
0.777524
0.79493
0.8515
0.915806
0.952123
0.940659
0.888445
0.825012
0.785518
0.790882
0.836071
0.893145
0.927378
0.917422
0.868
0.807635
0.772379
0.784611
0.839232
0.905641
0.944942
0.932738
0.874167
0.801902
0.757682
0.767848
0.827335
0.902016
0.948503
0.939964
0.882511
0.812034
0.772972
0.791496
0.859223
0.937492
0.979931
0.959945
0.886659
0.799715
0.745986
0.752177
0.809651
0.880406
0.920353
0.905747
0.846971
0.781689
0.751882
0.778752
0.85044
0.929455
0.974896
0.965936
0.912782
0.849229
0.811917
0.819007
0.860718
0.906657
0.924815
0.900581
0.844705
0.786155
0.754816
0.764546
0.806351
0.85498
0.884368
0.882486
0.857126
0.829859
0.822398
0.843707
0.885253
0.926627
0.947651
0.939592
0.909073
0.872972
0.847928
0.840994
0.846848
0.852661
0.84708
0.827538
0.801537
0.781595
0.777504
0.790956
0.81569
0.842461
0.865009
0.882836
0.899176
0.916153
0.931208
0.937875
0.930583
0.909862
0.883591
0.862574
0.853028
0.851415
0.846085
0.825692
0.789186
0.750088
0.730759
0.748913
0.804544
0.876434
0.932114
0.946511
0.918009
0.871058
0.842184
0.856893
0.911704
0.973494
0.998151
0.958178
0.862226
0.753473
0.686285
0.694378
0.76984
0.866612
0.92737
0.918091
0.849213
0.769885
0.738138
0.784764
0.893024
1.00701
1.06408
1.03192
0.92782
0.808527
0.736664
0.74422
0.814949
0.895945
0.930827
0.8941
0.805991
0.719387
0.687531
0.732402
0.832606
0.937173
0.995924
0.987652
0.929663
0.864282
0.831867
0.847268
0.893386
0.934272
0.938392
0.897363
0.829473
0.767281
0.738136
0.749777
0.788809
0.83138
0.858153
0.864188
0.858641
0.856059
0.865916
0.887093
0.909922
0.923287
0.921503
0.906681
0.885945
0.866263
0.850778
0.838746
0.828337
0.819567
0.814954
0.817525
0.827924
0.84305
0.857403
0.86625
0.868364
0.866385
0.864577
0.8656
0.868579
0.8698
0.865525
0.854955
0.841332
0.830431
0.827438
0.834178
0.848343
0.865014
0.879354
0.888792
0.89352
0.895313
0.895681
0.894602
0.89052
0.88146
0.866454
0.846465
0.824382
0.804174
0.789656
0.783357
0.785873
0.795897
0.810946
0.828507
0.847118
0.866762
0.888193
0.911427
0.934261
0.951953
0.958708
0.950514
0.927801
0.896132
0.864039
0.838855
0.822888
0.812439
0.800694
0.783055
0.761651
0.745786
0.747349
0.773409
0.820448
0.874245
0.916334
0.933825
0.926849
0.908704
0.897905
0.906376
0.930931
0.953823
0.952919
0.916007
0.850528
0.782042
0.741199
0.746183
0.7911
0.848014
0.882501
0.87416
0.829776
0.780466
0.763449
0.798726
0.874849
0.953303
0.990076
0.962229
0.883339
0.797594
0.754889
0.781148
0.861785
0.949053
0.989805
0.957533
0.869224
0.776241
0.733941
0.768029
0.858109
0.948941
0.983171
0.936032
0.83096
0.726403
0.681506
0.721242
0.821988
0.926093
0.976471
0.950182
0.870887
0.793131
0.768559
0.814813
0.905713
0.987936
1.01333
0.967006
0.874669
0.785897
0.744444
0.763869
0.82247
0.879125
0.899114
0.873883
0.823594
0.782448
0.777068
0.811381
0.866314
0.912975
0.93008
0.91491
0.882134
0.852802
0.841349
0.848615
0.864122
0.874725
0.873282
0.861941
0.848881
0.841734
0.8426
0.847766
0.851615
0.851313
0.848707
0.848217
0.852605
0.860056
0.865015
0.862361
0.851936
0.839906
0.835511
0.844953
0.866442
0.890013
0.902833
0.897028
0.875127
0.849294
0.834312
0.838341
0.857246
0.876435
0.879607
0.859316
0.822736
0.788618
0.776761
0.796131
0.838955
0.884709
0.911924
0.91075
0.888535
0.86487
0.859025
0.877561
0.909861
0.934431
0.932095
0.897878
0.844241
0.793816
0.766356
0.768061
0.789686
0.814005
0.827341
0.827592
0.823948
0.829202
0.850307
0.883619
0.917568
0.940326
0.946772
0.940021
0.927051
0.91232
0.894564
0.86932
0.835055
0.797749
0.769614
0.76199
0.777145
0.805229
0.829516
0.837267
0.829055
0.81962
0.828587
0.866353
0.924438
0.977529
0.997213
0.969535
0.905242
0.835429
0.794222
0.798595
0.837861
0.879906
0.891003
0.857323
0.794736
0.740322
0.730211
0.777054
0.86101
0.940177
0.974572
0.949401
0.883572
0.818251
0.792272
0.819193
0.879712
0.933894
0.945642
0.90462
0.832486
0.769902
0.75236
0.789374
0.859322
0.922653
0.945189
0.917529
0.859321
0.806434
0.789279
0.815359
0.866105
0.909182
0.918267
0.888308
0.837506
0.795568
0.785873
0.812325
0.858308
0.897568
0.909889
0.892073
0.858215
0.82995
0.823254
0.839806
0.867582
0.889416
0.893657
0.880352
0.859738
0.844814
0.843188
0.853267
0.86659
0.874058
0.871588
0.861667
0.850378
0.842591
0.838951
0.836619
0.832791
0.827962
0.826189
0.831995
0.84625
0.864324
0.878322
0.882198
0.876237
0.867474
0.865274
0.874694
0.892129
0.906557
0.906102
0.885966
0.85252
0.820528
0.804803
0.811341
0.833542
0.856114
0.864427
0.853567
0.831425
0.813807
0.814576
0.836918
0.871141
0.900323
0.910293
0.897811
0.872078
0.848866
0.841039
0.851256
0.871069
0.886597
0.887071
0.871057
0.846877
0.827341
0.822217
0.832897
0.852117
0.86853
0.873235
0.864528
0.848398
0.8348
0.831967
0.841888
0.859326
0.874778
0.879759
0.871603
0.855182
0.840488
0.837171
0.848862
0.870496
0.890456
0.896811
0.884393
0.858567
0.833028
0.822277
0.832809
0.858353
0.882602
0.888549
0.869279
0.833505
0.80181
0.794972
0.820984
0.868821
0.91349
0.930154
0.909208
0.862961
0.819174
0.804679
0.828712
0.876347
0.916669
0.921327
0.882414
0.818548
0.764893
0.752681
0.790425
0.858356
0.919736
0.94244
0.917826
0.86546
0.820808
0.813409
0.848812
0.905218
0.946747
0.945154
0.896799
0.824786
0.765282
0.746563
0.773402
0.825809
0.872205
0.888539
0.871734
0.839831
0.819523
0.829265
0.868259
0.917485
0.951421
0.952866
0.922016
0.87499
0.833595
0.813006
0.814641
0.827726
0.837624
0.835279
0.822137
0.808195
0.805121
0.819015
0.84703
0.879314
0.90455
0.915577
0.912085
0.89941
0.884752
0.873239
0.865919
0.860334
0.852926
0.841728
0.827918
0.815566
0.809791
0.814221
0.828941
0.849957
0.870587
0.884324
0.887864
0.882712
0.874284
0.868731
0.869131
0.873347
0.875116
0.868107
0.85066
0.828156
0.81107
0.809333
0.82614
0.855103
0.882953
0.896686
0.891072
0.871895
0.852585
0.845975
0.856093
0.875202
0.888263
0.882385
0.855546
0.819009
0.791575
0.788833
0.813829
0.854884
0.892077
0.908617
0.900285
0.877278
0.857393
0.854771
0.871093
0.89458
0.907336
0.896487
0.862338
0.818664
0.785061
0.776014
0.79317
0.825194
0.854959
0.869553
0.867135
0.856855
0.85227
0.862517
0.886548
0.913674
0.92983
0.925681
0.901821
0.868259
0.83874
0.823352
0.823637
0.832749
0.840257
0.838607
0.827507
0.813853
0.807431
0.814991
0.836114
0.863196
0.885503
0.894965
0.890431
0.877998
0.867278
0.865749
0.874438
0.887413
0.895374
0.891257
0.87456
0.851847
0.833084
0.825948
0.831459
0.843544
0.852798
0.85221
0.841412
0.826907
0.818148
0.821848
0.837976
0.85981
0.877943
0.885719
0.882786
0.874694
0.868972
0.870272
0.877634
0.885454
0.887312
0.880092
0.865746
0.849792
0.837764
0.832101
0.831475
0.832699
0.833598
0.8346
0.837932
0.845153
0.855105
0.864056
0.868192
0.866648
0.862679
0.8617
0.867228
0.87756
0.885878
0.884331
0.869747
0.847114
0.827917
0.823691
0.838466
0.865093
0.888392
0.893877
0.87695
0.846652
0.821017
0.816292
0.836442
0.869675
0.894758
0.893823
0.864005
0.820495
0.788525
0.788599
0.823766
0.876862
0.919889
0.930275
0.904354
0.859761
0.824997
0.822191
0.853418
0.898974
0.928927
0.921188
0.875291
0.813447
0.76805
0.762915
0.799394
0.855676
0.89969
0.90795
0.879123
0.834289
0.803862
0.809096
0.849272
0.902156
0.937329
0.93429
0.8945
0.840315
0.801649
0.798521
0.829859
0.875005
0.906587
0.906765
0.87711
0.836555
0.809202
0.809744
0.835317
0.868306
0.887784
0.882232
0.855821
0.824946
0.807786
0.813689
0.838729
0.869495
0.891933
0.899315
0.89457
0.886307
0.881954
0.88288
0.884484
0.880515
0.868087
0.849742
0.83136
0.81789
0.810308
0.806094
0.802654
0.80079
0.805192
0.821187
0.849941
0.885727
0.917704
0.935516
0.935196
0.921392
0.904193
0.892484
0.888172
0.885175
0.87398
0.848808
0.812671
0.776865
0.755093
0.755879
0.777988
0.811596
0.844239
0.867615
0.881066
0.889919
0.900303
0.914148
0.927638
0.933814
0.927252
0.907577
0.879635
0.850608
0.826292
0.809033
0.798318
0.79302
0.793249
0.80033
0.815103
0.836075
0.859127
0.879184
0.892758
0.899512
0.901705
0.901947
0.900936
0.89689
0.887115
0.870583
0.849587
0.829221
0.814917
0.8097
0.812937
0.821322
0.831239
0.840788
0.850135
0.860189
0.870868
0.880419
0.886366
0.887296
0.88399
0.87892
0.874405
0.870866
0.866613
0.859465
0.849023
0.837798
0.83013
0.829462
0.835867
0.845696
0.853765
0.856657
0.854817
0.851941
0.852103
0.856741
0.863758
0.869376
0.871249
0.870292
0.869647
0.871506
0.874433
0.873736
0.865153
0.849308
0.833182
0.826554
0.835104
0.854904
0.872998
0.874994
0.855474
0.824042
0.801723
0.808435
0.84881
0.905989
0.948986
0.950672
0.905801
0.837064
0.783711
0.778228
0.825031
0.895221
0.94231
0.930632
0.859267
0.765796
0.705956
0.720313
0.808066
0.92481
1.007
1.00937
0.932656
0.82441
0.751159
0.758294
0.841813
0.949573
1.01201
0.984272
0.874366
0.739963
0.655282
0.667582
0.769246
0.902241
0.992369
0.992861
0.911338
0.804201
0.742055
0.767032
0.867511
0.985118
1.0495
1.01997
0.909248
0.775692
0.688985
0.690077
0.768902
0.87244
0.93749
0.928165
0.855915
0.770883
0.73066
0.765591
0.861198
0.967469
1.0286
1.01502
0.938876
0.844831
0.782652
0.778662
0.8227
0.87728
0.902126
0.878626
0.819757
0.760583
0.736289
0.761616
0.823716
0.891553
0.93487
0.940684
0.91784
0.888291
0.871899
0.874781
0.887873
0.895273
0.885815
0.860013
0.828489
0.804033
0.79347
0.794935
0.801737
0.809143
0.818486
0.835361
0.863391
0.898619
0.929416
0.942807
0.933205
0.907252
0.880643
0.868222
0.873613
0.885658
0.884905
0.856776
0.803135
0.744244
0.708767
0.717167
0.768579
0.839775
0.897721
0.918686
0.902369
0.871993
0.859735
0.885948
0.944906
1.00627
1.03206
0.999436
0.915433
0.81457
0.740082
0.719699
0.75034
0.800986
0.832163
0.820425
0.773074
0.724103
0.713604
0.762909
0.86041
0.966714
1.03625
1.0426
0.992675
0.921388
0.870335
0.863269
0.892981
0.927154
0.929307
0.881991
0.798297
0.714931
0.671252
0.68692
0.751302
0.830514
0.887369
0.902097
0.881752
0.853408
0.846043
0.87244
0.921831
0.967081
0.981397
0.9542
0.896875
0.835633
0.796408
0.791031
0.812464
0.841048
0.857155
0.852416
0.833202
0.815161
0.812862
0.830982
0.861972
0.890905
0.904106
0.896431
0.873331
0.847137
0.830132
0.82837
0.839373
0.854469
0.864148
0.863429
0.854479
0.845238
0.844823
0.858065
0.882102
0.906991
0.920392
0.914127
0.889122
0.855711
0.828575
0.818684
0.826728
0.84223
0.849538
0.83776
0.808803
0.778139
0.766859
0.78898
0.841502
0.90384
0.948078
0.954738
0.924778
0.879957
0.850381
0.856034
0.89343
0.936222
0.950418
0.915701
0.839868
0.756832
0.708295
0.719404
0.783072
0.863034
0.914612
0.9112
0.860429
0.799813
0.773967
0.806907
0.886333
0.969832
1.00967
0.98143
0.899082
0.807278
0.75528
0.768209
0.832846
0.906358
0.942446
0.918959
0.850454
0.77852
0.746237
0.772462
0.841274
0.91236
0.945432
0.923706
0.86265
0.799549
0.770949
0.791764
0.848079
0.90697
0.93655
0.924003
0.881384
0.836751
0.816784
0.83147
0.869411
0.90568
0.916879
0.894461
0.848973
0.803452
0.780298
0.78919
0.822604
0.860931
0.883922
0.881913
0.860671
0.837383
0.830222
0.84744
0.882166
0.915937
0.929091
0.912181
0.871864
0.82769
0.801376
0.804611
0.832465
0.866391
0.885245
0.877915
0.85003
0.82061
0.810493
0.829403
0.869485
0.909354
0.926415
0.910163
0.868519
0.823389
0.798068
0.803958
0.834446
0.869426
0.887605
0.879173
0.851358
0.823716
0.816137
0.836733
0.876739
0.915318
0.93138
0.915569
0.875543
0.831626
0.805406
0.807786
0.83324
0.86348
0.878399
0.86804
0.838719
0.809646
0.801767
0.825066
0.871714
0.91933
0.942993
0.92942
0.885143
0.833551
0.801977
0.805928
0.839706
0.879333
0.896672
0.876792
0.828206
0.779277
0.762151
0.79324
0.861937
0.934947
0.974513
0.96029
0.901857
0.83387
0.796023
0.809305
0.862785
0.91938
0.937857
0.89834
0.815946
0.73375
0.698474
0.732883
0.821367
0.917822
0.971822
0.957959
0.890908
0.81685
0.78586
0.821395
0.905178
0.986958
1.0139
0.962488
0.853847
0.742942
0.687448
0.714399
0.804332
0.902615
0.951579
0.924633
0.842072
0.758993
0.732194
0.785606
0.894869
1.00055
1.0425
0.995208
0.883245
0.767424
0.709718
0.737483
0.828077
0.922941
0
0
0
0
0
0
0
0
0
0
0
0
0
0
0
0
0
0
0
0
0
0
0
0
0
0
0
0
0
0
0
0
0
0
0
0
0
0
0
0
0
0
0
0
0
0
0
0
0
0
0
0
0
0
0
0
0
0
0
0
0
0
0
0
0
0
0
0
0
0
0
0
0
0
0
0
0
0
0
0
0
0
0
0
0
0
0
0
0
0
0
0
0
0
0
0
0
0
0
0
0
0
0
0
0
0
0
0
0
0
0
0
0
0
0
0
0
0
0
0
0
0
0
0
0
0
0
0
0
0
0
0
0
0
0
0
0
0
0
0
0
0
0
0
0
0
0
0
0
0
0
0
0
0
0
0
0
0
0
0
0
0
0
0
0
0
0
0
0
0
0
0
0
0
0
0
0
0
0
0
0
0
0
0
0
0
0
0
0
0
0
0
0
0
0
0
0
0
0
0
0
0
0
0
0
0
0
0
0
0
0
0
0
0
0
0
0
0
0
0
0
0
0
0
0
0
0
0
0
0
0
0
0
0
0
0
0
0
0
0
0
0
0
0
0
0
0
0
0
0
0
0
0
0
0
0
0
0
0
0
0
0
0
0
0
0
0
0
0
0
0
0
0
0
0
0
0
0
0
0
0
0
0
0
0
0
0
0
0
0
0
0
0
0
0
0
0
0
0
0
0
0
0
0
0
0
0
0
0
0
0
0
0
0
0
0
0
0
0
0
0
0
0
0
0
0
0
0
0
0
0
0
0
0
0
0
0
0
0
0
0
0
0
0
0
0
0
0
0
0
0
0
0
0
0
0
0
0
0
0
0
0
0
0
0
0
0
0
0
0
0
0
0
0
0
0
0
0
0
0
0
0
0
0
0
0
0
0
0
0
0
0
0
0
0
0
0
0
0
0
0
0
0
0
0
0
0
0
0
0
0
0
0
0
0
0
0
0
0
0
0
0
0
0
0
0
0
0
0
0
0
0
0
0
0
0
0
0
0
0
0
0
0
0
0
0
0
0
0
0
0
0
0
0
0
0
0
0
0
0
0
0
0
0
0
0
0
0
0
0
0
0
0
0
0
0
0
0
0
0
0
0
0
0
0
0
0
0
0
0
0
0
0
0
0
0
0
0
0
0
0
0
0
0
0
0
0
0
0
0
0
0
0
0
0
0
0
0
0
0
0
0
0
0
0
0
0
0
0
0
0
0
0
0
0
0
0
0
0
0
0
0
0
0
0
0
0
0
0
0
0
0
0
0
0
0
0
0
0
0
0
0
0
0
0
0
0
0
0
0
0
0
0
0
0
0
0
0
0
0
0
0
0
0
0
0
0
0
0
0
0
0
0
0
0
0
0
0
0
0
0
0
0
0
0
0
0
0
0
0
0
0
0
0
0
0
0
0
0
0
0
0
0
0
0
0
0
0
0
0
0
0
0
0
0
0
0
0
0
0
0
0
0
0
0
0
0
0
0
0
0
0
0
0
0
0
0
0
0
0
0
0
0
0
0
0
0
0
0
0
0
0
0
0
0
0
0
0
0
0
0
0
0
0
0
0
0
0
0
0
0
0
0
0
0
0
0
0
0
0
0
0
0
0
0
0
0
0
0
0
0
0
0
0
0
0
0
0
0
0
0
0
0
0
0
0
0
0
0
0
0
0
0
0
0
0
0
0
0
0
0
0
0
0
0
0
0
0
0
0
0
0
0
0
0
0
0
0
0
0
0
0
0
0
0
0
0
0
0
0
0
0
0
0
0
0
0
0
0
0
0
0
0
0
0
0
0
0
0
0
0
0
0
0
0
0
0
0
0
0
0
0
0
0
0
0
0
0
0
0
0
0
0
0
0
0
0
0
0
0
0
0
0
0
0
0
0
0
0
0
0
0
0
0
0
0
0
0
0
0
0
0
0
0
0
0
0
0
0
0
0
0
0
0
0
0
0
0
0
0
0
0
0
0
0
0
0
0
0
0
0
0
0
0
0
0
0
0
0
0
0
0
0
0
0
0
0
0
0
0
0
0
0
0
0
0
0
0
0
0
0
0
0
0
0
0
0
0
0
0
0
0
0
0
0
0
0
0
0
0
0
0
0
0
0
0
0
0
0
0
0
0
0
0
0
0
0
0
0
0
0
0
0
0
0
0
0
0
0
0
0
0
0
0
0
0
0
0
0
0
0
0
0
0
0
0
0
0
0
0
0
0
0
0
0
0
0
0
0
0
0
0
0
0
0
0
0
0
0
0
0
0
0
0
0
0
0
0
0
0
0
0
0
0
0
0
0
0
0
0
0
0
0
0
0
0
0
0
0
0
0
0
0
0
0
0
0
0
0
0
0
0
0
0
0
0
0
0
0
0
0
0
0
0
0
0
0
0
0
0
0
0
0
0
0
0
0
0
0
0
0
0
0
0
0
0
0
0
0
0
0
0
0
0
0
0
0
0
0
0
0
0
0
0
0
0
0
0
0
0
0
0
0
0
0
0
0
0
0
0
0
0
0
0
0
0
0
0
0
0
0
0
0
0
0
0
0
0
0
0
0
0
0
0
0
0
0
0
0
0
0
0
0
0
0
0
0
0
0
0
0
0
0
0
0
0
0
0
0
0
0
0
0
0
0
0
0
0
0
0
0
0
0
0
0
0
0
0
0
0
0
0
0
0
0
0
0
0
0
0
0
0
0
0
0
0
0
0
0
0
0
0
0
0
0
0
0
0
0
0
0
0
0
0
0
0
0
0
0
0
0
0
0
0
0
0
0
0
0
0
0
0
0
0
0
0
0
0
0
0
0
0
0
0
0
0
0
0
0
0
0
0
0
0
0
0
0
0
0
0
0
0
0
0
0
0
0
0
0
0
0
0
0
0
0
0
0
0
0
0
0
0
0
0
0
0
0
0
0
0
0
0
0
0
0
0
0
0
0
0
0
0
0
0
0
0
0
0
0
0
0
0
0
0
0
0
0
0
0
0
0
0
0
0
0
0
0
0
0
0
0
0
0
0
0
0
0
0
0
0
0
0
0
0
0
0
0
0
0
0
0
0
0
0
0
0
0
0
0
0
0
0
0
0
0
0
0
0
0
0
0
0
0
0
0
0
0
0
0
0
0
0
0
0
0
0
0
0
0
0
0
0
0
0
0
0
0
0
0
0
0
0
0
0
0
0
0
0
0
0
0
0
0
0
0
0
0
0
0
0
0
0
0
0
0
0
0
0
0
0
0
0
0
0
0
0
0
0
0
0
0
0
0
0
0
0
0
0
0
0
0
0
0
0
0
0
0
0
0
0
0
0
0
0
0
0
0
0
0
0
0
0
0
0
0
0
0
0
0
0
0
0
0
0
0
0
0
0
0
0
0
0
0
0
0
0
0
0
0
0
0
0
0
0
0
0
0
0
0
0
0
0
0
0
0
0
0
0
0
0
0
0
0
0
0
0
0
0
0
0
0
0
0
0
0
0
0
0
0
0
0
0
0
0
0
0
0
0
0
0
0
0
0
0
0
0
0
0
0
0
0
0
0
0
0
0
0
0
0
0
0
0
0
0
0
0
0
0
0
0
0
0
0
0
0
0
0
0
0
0
0
0
0
0
0
0
0
0
0
0
0
0
0
0
0
0
0
0
0
0
0
0
0
0
0
0
0
0
0
0
0
0
0
0
0
0
0
0
0
0
0
0
0
0
0
0
0
0
0
0
0
0
0
0
0
0
0
0
0
0
0
0
0
0
0
0
0
0
0
0
0
0
0
0
0
0
0
0
0
0
0
0
0
0
0
0
0
0
0
0
0
0
0
0
0
0
0
0
0
0
0
0
0
0
0
0
0
0
0
0
0
0
0
0
0
0
0
0
0
0
0
0
0
0
0
0
0
0
0
0
0
0
0
0
0
0
0
0
0
0
0
0
0
0
0
0
0
0
0
0
0
0
0
0
0
0
0
0
0
0
0
0
0
0
0
0
0
0
0
0
0
0
0
0
0
0
0
0
0
0
0
0
0
0
0
0
0
0
0
0
0
0
0
0
0
0
0
0
0
0
0
0
0
0
0
0
0
0
0
0
0
0
0
0
0
0
0
0
0
0
0
0
0
0
0
0
0
0
0
0
0
0
0
0
0
0
0
0
0
0
0
0
0
0
0
0
0
0
0
0
0
0
0
0
0
0
0
0
0
0
0
0
0
0
0
0
0
0
0
0
0
0
0
0
0
0
0
0
0
0
0
0
0
0
0
0
0
0
0
0
0
0
0
0
0
0
0
0
0
0
0
0
0
0
0
0
0
0
0
0
0
0
0
0
0
0
0
0
0
0
0
0
0
0
0
0
0
0
0
0
0
0
0
0
0
0
0
0
0
0
0
0
0
0
0
0
0
0
0
0
0
0
0
0
0
0
0
0
0
0
0
0
0
0
0
0
0
0
0
0
0
0
0
0
0
0
0
0
0
0
0
0
0
0
0
0
0
0
0
0
0
0
0
0
0
0
0
0
0
0
0
0
0
0
0
0
0
0
0
0
0
0
0
0
0
0
0
0
0
0
0
0
0
0
0
0
0
0
0
0
0
0
0
0
0
0
0
0
0
0
0
0
0
0
0
0
0
0
0
0
0
0
0
0
0
0
0
0
0
0
0
0
0
0
0
0
0
0
0
0
0
0
0
0
0
0
0
0
0
0
0
0
0
0
0
0
0
0
0
0
0
0
0
0
0
0
0
0
0
0
0
0
0
0
0
0
0
0
0
0
0
0
0
0
0
0
0
0
0
0
0
0
0
0
0
0
0
0
0
0
0
0
0
0
0
0
0
0
0
0
0
0
0
0
0
0
0
0
0
0
0
0
0
0
0
0
0
0
0
0
0
0
0
0
0
0
0
0
0
0
0
0
0
0
0
0
0
0
0
0
0
0
0
0
0
0
0
0
0
0
0
0
0
0
0
0
0
0
0
0
0
0
0
0
0
0
0
0
0
0
0
0
0
0
0
0
0
0
0
0
0
0
0
0
0
0
0
0
0
0
0
0
0
0
0
0
0
0
0
0
0
0
0
0
0
0
0
0
0
0
0
0
0
0
0
0
0
0
0
0
0
0
0
0
0
0
0
0
0
0
0
0
0
0
0
0
0
0
0
0
0
0
0
0
0
0
0
0
0
0
0
0
0
0
0
0
0
0
0
0
0
0
0
0
0
0
0
0
0
0
0
0
0
0
0
0
0
0
0
0
0
0
0
0
0
0
0
0
0
0
0
0
0
0
0
0
0
0
0
0
0
0
0
0
0
0
0
0
0
0
0
0
0
0
0
0
0
0
0
0
0
0
0
0
0
0
0
0
0
0
0
0
0
0
0
0
0
0
0
0
0
0
0
0
0
0
0
0
0
0
0
0
0
0
0
0
0
0
0
0
0
0
0
0
0
0
0
0
0
0
0
0
0
0
0
0
0
0
0
0
0
0
0
0
0
0
0
0
0
0
0
0
0
0
0
0
0
0
0
0
0
0
0
0
0
0
0
0
0
0
0
0
0
0
0
0
0
0
0
0
0
0
0
0
0
0
0
0
0
0
0
0
0
0
0
0
0
0
0
0
0
0
0
0
0
0
0
0
0
0
0
0
0
0
0
0
0
0
0
0
0
0
0
0
0
0
0
0
0
0
0
0
0
0
0
0
0
0
0
0
0
0
0
0
0
0
0
0
0
0
0
0
0
0
0
0
0
0
0
0
0
0
0
0
0
0
0
0
0
0
0
0
0
0
0
0
0
0
0
0
0
0
0
0
0
0
0
0
0
0
0
0
0
0
0
0
0
0
0
0
0
0
0
0
0
0
0
0
0
0
0
0
0
0
0
0
0
0
0
0
0
0
0
0
0
0
0
0
0
0
0
0
0
0
0
0
0
0
0
0
0
0
0
0
0
0
0
0
0
0
0
0
0
0
0
0
0
0
0
0
0
0
0
0
0
0
0
0
0
0
0
0
0
0
0
0
0
0
0
0
0
0
0
0
0
0
0
0
0
0
0
0
0
0
0
0
0
0
0
0
0
0
0
0
0
0
0
0
0
0
0
0
0
0
0
0
0
0
0
0
0
0
0
0
0
0
0
0
0
0
0
0
0
0
0
0
0
0
0
0
0
0
0
0
0
0
0
0
0
0
0
0
0
0
0
0
0
0
0
0
0
0
0
0
0
0
0
0
0
0
0
0
0
0
0
0
0
0
0
0
0
0
0
0
0
0
0
0
0
0
0
0
0
0
0
0
0
0
0
0
0
0
0
0
0
0
0
0
0
0
0
0
0
0
0
0
0
0
0
0
0
0
0
0
0
0
0
0
0
0
0
0
0
0
0
0
0
0
0
0
0
0
0
0
0
0
0
0
0
0
0
0
0
0
0
0
0
0
0
0
0
0
0
0
0
0
0
0
0
0
0
0
0
0
0
0
0
0
0
0
0
0
0
0
0
0
0
0
0
0
0
0
0
0
0
0
0
0
0
0
0
0
0
0
0
0
0
0
0
0
0
0
0
0
0
0
0
0
0
0
0
0
0
0
0
0
0
0
0
0
0
0
0
0
0
0
0
0
0
0
0
0
0
0
0
0
0
0
0
0
0
0
0
0
0
0
0
0
0
0
0
0
0
0
0
0
0
0
0
0
0
0
0
0
0
0
0
0
0
0
0
0
0
0
0
0
0
0
0
0
0
0
0
0
0
0
0
0
0
0
0
0
0
0
0
0
0
0
0
0
0
0
0
0
0
0
0
0
0
0
0
0
0
0
0
0
0
0
0
0
0
0
0
0
0
0
0
0
0
0
0
0
0
0
0
0
0
0
0
0
0
0
0
0
0
0
0
0
0
0
0
0
0
0
0
0
0
0
0
0
0
0
0
0
0
0
0
0
0
0
0
0
0
0
0
0
0
0
0
0
0
0
0
0
0
0
0
0
0
0
0
0
0
0
0
0
0
0
0
0
0
0
0
0
0
0
0
0
0
0
0
0
0
0
0
0
0
0
0
0
0
0
0
0
0
0
0
0
0
0
0
0
0
0
0
0
0
0
0
0
0
0
0
0
0
0
0
0
0
0
0
0
0
0
0
0
0
0
0
0
0
0
0
0
0
0
0
0
0
0
0
0
0
0
0
0
0
0
0
0
0
0
0
0
0
0
0
0
0
0
0
0
0
0
0
0
0
0
0
0
0
0
0
0
0
0
0
0
0
0
0
0
0
0
0
0
0
0
0
0
0
0
0
0
0
0
0
0
0
0
0
0
0
0
0
0
0
0
0
0
0
0
0
0
0
0
0
0
0
0
0
0
0
0
0
0
0
0
0
0
0
0
0
0
0
0
0
0
0
0
0
0
0
0
0
0
0
0
0
0
0
0
0
0
0
0
0
0
0
0
0
0
0
0
0
0
0
0
0
0
0
0
0
0
0
0
0
0
0
0
0
0
0
0
0
0
0
0
0
0
0
0
0
0
0
0
0
0
0
0
0
0
0
0
0
0
0
0
0
0
0
0
0
0
0
0
0
0
0
0
0
0
0
0
0
0
0
0
0
0
0
0
0
0
0
0
0
0
0
0
0
0
0
0
0
0
0
0
0
0
0
0
0
0
0
0
0
0
0
0
0
0
0
0
0
0
0
0
0
0
0
0
0
0
0
0
0
0
0
0
0
0
0
0
0
0
0
0
0
0
0
0
0
0
0
0
0
0
0
0
0
0
0
0
0
0
0
0
0
0
0
0
0
0
0
0
0
0
0
0
0
0
0
0
0
0
0
0
0
0
0
0
0
0
0
0
0
0
0
0
0
0
0
0
0
0
0
0
0
0
0
0
0
0
0
0
0
0
0
0
0
0
0
0
0
0
0
0
0
0
0
0
0
0
0
0
0
0
0
0
0
0
0
0
0
0
0
0
0
0
0
0
0
0
0
0
0
0
0
0
0
0
0
0
0
0
0
0
0
0
0
0
0
0
0
0
0
0
0
0
0
0
0
0
0
0
0
0
0
0
0
0
0
0
0
0
0
0
0
0
0
0
0
0
0
0
0
0
0
0
0
0
0
0
0
0
0
0
0
0
0
0
0
0
0
0
0
0
0
0
0
0
0
0
0
0
0
0
0
0
0
0
0
0
0
0
0
0
0
0
0
0
0
0
0
0
0
0
0
0
0
0
0
0
0
0
0
0
0
0
0
0
0
0
0
0
0
0
0
0
0
0
0
0
0
0
0
0
0
0
0
0
0
0
0
0
0
0
0
0
0
0
0
0
0
0
0
0
0
0
0
0
0
0
0
0
0
0
0
0
0
0
0
0
0
0
0
0
0
0
0
0
0
0
0
0
0
0
0
0
0
0
0
0
0
0
0
0
0
0
0
0
0
0
0
0
0
0
0
0
0
0
0
0
0
0
0
0
0
0
0
0
0
0
0
0
0
0
0
0
0
0
0
0
0
0
0
0
0
0
0
0
0
0
0
0
0
0
0
0
0
0
0
0
0
0
0
0
0
0
0
0
0
0
0
0
0
0
0
0
0
0
0
0
0
0
0
0
0
0
0
0
0
0
0
0
0
0
0
0
0
0
0
0
0
0
0
0
0
0
0
0
0
0
0
0
0
0
0
0
0
0
0
0
0
0
0
0
0
0
0
0
0
0
0
0
0
0
0
0
0
0
0
0
0
0
0
0
0
0
0
0
0
0
0
0
0
0
0
0
0
0
0
0
0
0
0
0
0
0
0
0
0
0
0
0
0
0
0
0
0
0
0
0
0
0
0
0
0
0
0
0
0
0
0
0
0
0
0
0
0
0
0
0
0
0
0
0
0
0
0
0
0
0
0
0
0
0
0
0
0
0
0
0
0
0
0
0
0
0
0
0
0
0
0
0
0
0
0
0
0
0
0
0
0
0
0
0
0
0
0
0
0
0
0
0
0
0
0
0
0
0
0
0
0
0
0
0
0
0
0
0
0
0
0
0
0
0
0
0
0
0
0
0
0
0
0
0
0
0
0
0
0
0
0
0
0
0
0
0
0
0
0
0
0
0
0
0
0
0
0
0
0
0
0
0
0
0
0
0
0
0
0
0
0
0
0
0
0
0
0
0
0
0
0
0
0
0
0
0
0
0
0
0
0
0
0
0
0
0
0
0
0
0
0
0
0
0
0
0
0
0
0
0
0
0
0
0
0
0
0
0
0
0
0
0
0
0
0
0
0
0
0
0
0
0
0
0
0
0
0
0
0
0
0
0
0
0
0
0
0
0
0
0
0
0
0
0
0
0
0
0
0
0
0
0
