0.942013
0.935441
0.916642
0.888478
0.855235
0.821951
0.793637
0.774496
0.767282
0.772889
0.79023
0.816436
0.847325
0.878078
0.903998
0.921251
0.927445
0.921987
0.906143
0.882806
0.856013
0.83029
0.809932
0.798328
0.797453
0.807575
0.827249
0.853565
0.88263
0.910176
0.932226
0.945683
0.948774
0.941279
0.924505
0.901042
0.874318
0.848054
0.82569
0.809881
0.802132
0.802632
0.810286
0.822959
0.837853
0.851981
0.862645
0.867847
0.866578
0.858936
0.846081
0.830017
0.813263
0.798456
0.787952
0.783484
0.785928
0.7952
0.810301
0.82949
0.850554
0.871142
0.889092
0.902723
0.911043
0.91385
0.911713
0.905849
0.897909
0.88971
0.882957
0.878991
0.878592
0.881874
0.88828
0.896666
0.905481
0.912995
0.917562
0.917863
0.91311
0.903175
0.888627
0.870664
0.850965
0.831466
0.814092
0.800491
0.791809
0.78852
0.790364
0.79639
0.805093
0.814648
0.82319
0.829103
0.831282
0.829319
0.823581
0.815175
0.805788
0.797435
0.792145
0.791635
0.797021
0.808616
0.825842
0.847286
0.87088
0.894192
0.914779
0.930548
0.940068
0.942793
0.939134
0.9304
0.918584
0.906049
0.895143
0.887828
0.88535
0.888041
0.89525
0.905443
0.91644
0.925761
0.931026
0.930342
0.922615
0.907746
0.886666
0.861213
0.833869
0.807399
0.784446
0.767143
0.756818
0.753817
0.757486
0.766302
0.778147
0.790657
0.80161
0.809275
0.812687
0.811778
0.807379
0.80106
0.794871
0.790991
0.791375
0.79743
0.809778
0.828151
0.851411
0.877714
0.904763
0.93014
0.951634
0.967539
0.976867
0.979446
0.975897
0.967495
0.955945
0.943091
0.930636
0.919888
0.911579
0.90579
0.901978
0.899103
0.895831
0.890784
0.882787
0.871084
0.855489
0.836442
0.814977
0.792593
0.771061
0.752193
0.737602
0.728493
0.725518
0.728706
0.737481
0.75076
0.767123
0.785018
0.802968
0.819767
0.834615
0.847192
0.857644
0.866507
0.874562
0.882661
0.891545
0.901682
0.913159
0.925628
0.93834
0.950236
0.960095
0.966714
0.969087
0.966564
0.958956
0.946571
0.930189
0.910958
0.890254
0.869497
0.849987
0.832746
0.818431
0.807287
0.799181
0.793681
0.790187
0.788065
0.786785
0.786016
0.785683
0.785966
0.787239
0.789981
0.794655
0.801594
0.810906
0.822424
0.835704
0.850073
0.864715
0.878782
0.891512
0.902319
0.910855
0.917019
0.92093
0.92285
0.923093
0.921933
0.91953
0.915891
0.910882
0.90428
0.895863
0.885516
0.873323
0.859645
0.845131
0.830682
0.817354
0.806221
0.79821
0.793951
0.793658
0.797077
0.803502
0.811881
0.820974
0.829555
0.836625
0.84158
0.844327
0.845306
0.84541
0.845831
0.847828
0.852481
0.860452
0.871817
0.885981
0.901718
0.917314
0.930806
0.940283
0.944192
0.941601
0.932379
0.917253
0.897732
0.875905
0.854146
0.834769
0.819682
0.810111
0.806426
0.8081
0.813815
0.821696
0.829629
0.835622
0.838144
0.836384
0.830399
0.821112
0.810166
0.799663
0.791822
0.788611
0.791422
0.800824
0.816459
0.837065
0.860655
0.884795
0.906961
0.924899
0.936941
0.942236
0.940843
0.933689
0.922401
0.909029
0.895717
0.884372
0.876375
0.87239
0.872285
0.875189
0.879658
0.883931
0.886234
0.885078
0.879505
0.869256
0.854819
0.837366
0.818588
0.800449
0.7849
0.773611
0.767732
0.767746
0.773421
0.78386
0.797653
0.813096
0.828439
0.84214
0.853075
0.86067
0.864958
0.866529
0.866405
0.865848
0.866135
0.868338
0.873141
0.880719
0.890696
0.902196
0.913962
0.924547
0.932521
0.936687
0.936254
0.930962
0.921116
0.907548
0.891499
0.874449
0.857909
0.843219
0.831379
0.822929
0.817907
0.81588
0.816053
0.817417
0.818938
0.819735
0.819228
0.817235
0.813996
0.81013
0.806527
0.804191
0.804073
0.806901
0.813055
0.822491
0.834731
0.848925
0.863968
0.878644
0.891801
0.902494
0.910102
0.914385
0.915489
0.913881
0.910251
0.905377
0.899997
0.894693
0.889815
0.885457
0.881475
0.877559
0.87332
0.868399
0.86256
0.855754
0.848144
0.840093
0.832105
0.824747
0.818554
0.813945
0.811165
0.810254
0.811064
0.8133
0.816597
0.820599
0.825027
0.829733
0.834713
0.840084
0.846031
0.852727
0.860255
0.868535
0.877284
0.88602
0.894103
0.900822
0.905503
0.907629
0.906937
0.903492
0.897697
0.890253
0.882065
0.874105
0.867256
0.862167
0.859136
0.858055
0.858419
0.859407
0.860024
0.859278
0.856369
0.850857
0.842767
0.832632
0.821442
0.810516
0.801311
0.795194
0.793218
0.795942
0.80331
0.81464
0.828698
0.843866
0.858384
0.870607
0.87926
0.883639
0.88372
0.880166
0.874222
0.867516
0.86179
0.858619
0.859136
0.863839
0.872485
0.884112
0.897166
0.909736
0.919847
0.92577
0.926296
0.920939
0.910027
0.894665
0.876581
0.857872
0.840692
0.82693
0.817929
0.814291
0.815791
0.821433
0.829611
0.838378
0.845758
0.850071
0.8502
0.845776
0.837243
0.825789
0.813169
0.801427
0.792585
0.78832
0.789708
0.797047
0.809813
0.826729
0.845955
0.86536
0.882834
0.896595
0.905444
0.908919
0.907351
0.901781
0.893784
0.885209
0.877881
0.873315
0.87248
0.875653
0.882376
0.891537
0.901541
0.910558
0.916811
0.918847
0.915764
0.907356
0.894151
0.877344
0.858626
0.839954
0.823264
0.810207
0.801915
0.79885
0.800748
0.806671
0.815156
0.82444
0.832734
0.83849
0.840644
0.838779
0.833202
0.8249
0.815408
0.806576
0.800296
0.798208
0.801439
0.810405
0.824723
0.843226
0.864107
0.885155
0.904062
0.918752
0.927692
0.930123
0.92619
0.916936
0.904164
0.890173
0.877413
0.868107
0.863892
0.865538
0.872795
0.884389
0.898189
0.911505
0.9215
0.925636
0.922097
0.910122
0.890186
0.863995
0.834291
0.804489
0.778187
0.758633
0.748225
0.748121
0.758032
0.776228
0.799773
0.824957
0.847859
0.864963
0.873726
0.873011
0.863304
0.846676
0.826498
0.806925
0.792242
0.786169
0.791224
0.808265
0.83627
0.872418
0.912456
0.951293
0.983762
1.0054
1.01315
1.00586
0.984484
0.951984
0.912897
0.872661
0.836788
0.810015
0.795568
0.794662
0.806301
0.827442
0.853476
0.878969
0.898538
0.907737
0.90379
0.88608
0.856289
0.818179
0.777035
0.738864
0.709464
0.693522
0.693873
0.711046
0.743158
0.786192
0.834597
0.882128
0.92279
0.951736
0.96598
0.96482
0.949891
0.924859
0.894804
0.865385
0.841928
0.828584
0.827685
0.8394
0.861742
0.890916
0.921955
0.949526
0.968791
0.976169
0.969896
0.950277
0.919618
0.881842
0.841862
0.804808
0.775251
0.756527
0.750279
0.756277
0.772534
0.795695
0.821621
0.846071
0.865364
0.876931
0.879647
0.873926
0.861556
0.845328
0.828515
0.814305
0.805281
0.803032
0.807946
0.81922
0.835066
0.853069
0.870629
0.8854
0.895663
0.900558
0.90016
0.89538
0.887732
0.879012
0.870949
0.864904
0.86166
0.861336
0.863445
0.867057
0.871048
0.87436
0.87624
0.876387
0.874999
0.872697
0.870359
0.86888
0.86894
0.870794
0.87417
0.878267
0.881876
0.88361
0.882182
0.876696
0.866884
0.853238
0.837005
0.820043
0.804544
0.792679
0.786215
0.786186
0.792668
0.804707
0.820435
0.837337
0.852661
0.863875
0.869122
0.86757
0.859609
0.846846
0.831887
0.817939
0.808293
0.805763
0.812179
0.828019
0.852245
0.882388
0.91486
0.945467
0.970033
0.985055
0.988262
0.979002
0.958384
0.929148
0.895273
0.861386
0.832054
0.811077
0.800893
0.802182
0.813757
0.832734
0.854992
0.875824
0.890703
0.896022
0.889711
0.871609
0.843544
0.809102
0.773105
0.740891
0.71749
0.706843
0.711167
0.730581
0.76305
0.804656
0.850167
0.893804
0.930105
0.954744
0.965174
0.961006
0.944053
0.918032
0.887979
0.859448
0.837634
0.826555
0.828404
0.843197
0.868752
0.901021
0.934706
0.964086
0.983914
0.990239
0.981048
0.956602
0.919431
0.873975
0.825934
0.781421
0.746049
0.724096
0.717872
0.727384
0.750358
0.782609
0.818701
0.852791
0.879542
0.894937
0.896898
0.885588
0.863371
0.83442
0.804054
0.777889
0.760948
0.756868
0.767318
0.791731
0.827377
0.86978
0.913393
0.952441
0.981796
0.997744
0.998526
0.984581
0.958444
0.924325
0.887435
0.853177
0.826309
0.810238
0.806523
0.81469
0.832362
0.85568
0.879966
0.900478
0.913181
0.915375
0.906106
0.886292
0.858545
0.826735
0.795364
0.76885
0.750852
0.743723
0.74819
0.763292
0.786594
0.814615
0.843409
0.869185
0.888891
0.900629
0.903885
0.899513
0.889501
0.876562
0.863642
0.853402
0.847795
0.84778
0.853229
0.86302
0.875301
0.88786
0.898538
0.905602
0.908016
0.905572
0.898861
0.889101
0.877857
0.866731
0.857054
0.849666
0.844812
0.842162
0.840959
0.84025
0.839142
0.837048
0.833844
0.829921
0.826114
0.82352
0.823239
0.826104
0.832441
0.841929
0.853577
0.865854
0.876922
0.884972
0.888564
0.88693
0.88017
0.869298
0.856117
0.842949
0.832242
0.82614
0.82608
0.832498
0.844694
0.860896
0.878512
0.894541
0.906075
0.910798
0.907414
0.895907
0.877601
0.854991
0.831371
0.810324
0.795143
0.788295
0.791
0.803021
0.822676
0.847091
0.872652
0.895576
0.912508
0.921057
0.920166
0.91027
0.893211
0.87192
0.849937
0.830825
0.8176
0.812252
0.815442
0.826426
0.843199
0.862849
0.882049
0.897602
0.906951
0.908577
0.902212
0.888844
0.870523
0.849999
0.830262
0.814065
0.8035
0.799709
0.802755
0.811676
0.824708
0.839616
0.854087
0.866108
0.874268
0.877938
0.877302
0.873253
0.867167
0.860622
0.85509
0.851686
0.850996
0.853014
0.857203
0.862644
0.868246
0.872983
0.876086
0.877186
0.876348
0.874032
0.87095
0.867897
0.865553
0.864326
0.864252
0.864984
0.865869
0.866098
0.864893
0.861709
0.856394
0.849268
0.841125
0.833119
0.826577
0.822757
0.822596
0.826505
0.834234
0.844859
0.856883
0.868459
0.877675
0.882891
0.883034
0.877826
0.867884
0.854678
0.84033
0.827306
0.818019
0.814423
0.81766
0.82782
0.843867
0.863742
0.884638
0.903416
0.917096
0.923339
0.920857
0.909669
0.891159
0.867913
0.843364
0.82128
0.805175
0.797745
0.800398
0.812987
0.833763
0.859597
0.886421
0.909838
0.925815
0.931334
0.924911
0.906901
0.879506
0.8465
0.812702
0.783247
0.7628
0.754805
0.760904
0.780621
0.81137
0.848792
0.887385
0.921326
0.945377
0.955718
0.950583
0.930588
0.898698
0.859814
0.820058
0.78583
0.762809
0.755038
0.764245
0.78951
0.827342
0.872163
0.917135
0.955198
0.980173
0.987748
0.9762
0.946713
0.903262
0.852055
0.800605
0.756599
0.726705
0.715528
0.724865
0.753391
0.796824
0.848559
0.900662
0.945098
0.974976
0.985636
0.975402
0.945868
0.901684
0.84986
0.798686
0.756453
0.730152
0.724366
0.740526
0.776651
0.827617
0.885915
0.942791
0.989578
1.01903
1.02646
1.01045
0.973079
0.919666
0.857912
0.796755
0.744997
0.709965
0.69639
0.705698
0.735805
0.781455
0.835059
0.887879
0.931397
0.958647
0.9653
0.950337
0.916213
0.868472
0.814885
0.764249
0.725012
0.703969
0.705202
0.729439
0.773939
0.832894
0.898311
0.961221
1.01303
1.04679
1.05825
1.04644
1.01376
0.965605
0.909449
0.853698
0.806383
0.773935
0.76023
0.766039
0.788967
0.823893
0.863824
0.901028
0.928275
0.939985
0.933107
0.907593
0.866409
0.815069
0.760792
0.711386
0.674076
0.654409
0.655444
0.677323
0.717287
0.770133
0.829022
0.886528
0.935732
0.971227
0.989857
0.991098
0.977024
0.95188
0.921331
0.891523
0.868088
0.85527
0.855282
0.868003
0.891051
0.920199
0.950082
0.975058
0.990105
0.991601
0.977882
0.949489
0.909085
0.861044
0.810806
0.764083
0.726041
0.700587
0.689861
0.693996
0.711185
0.738019
0.770053
0.802499
0.830942
0.851973
0.863646
0.865701
0.859521
0.847848
0.834299
0.822757
0.816743
0.818852
0.830337
0.850903
0.878734
0.91075
0.943052
0.971481
0.992227
1.00238
1.00036
0.986137
0.961279
0.928713
0.892329
0.856447
0.82521
0.80201
0.78902
0.786903
0.794735
0.810162
0.829763
0.849581
0.86572
0.87496
0.875256
0.866079
0.848529
0.825196
0.79979
0.776591
0.75979
0.752825
0.757807
0.775139
0.803372
0.839352
0.878625
0.91606
0.946598
0.966016
0.971584
0.962524
0.940179
0.907864
0.870412
0.833471
0.802659
0.782699
0.776671
0.7855
0.807763
0.839868
0.876561
0.911727
0.939331
0.954384
0.953762
0.936758
0.905265
0.863559
0.817694
0.774601
0.741035
0.722501
0.722371
0.741294
0.777029
0.824719
0.877586
0.927934
0.968324
0.992723
0.99747
0.981873
0.948366
0.902177
0.850547
0.801633
0.763244
0.741611
0.740391
0.760051
0.797754
0.847748
0.902226
0.952517
0.990426
1.00952
1.00615
0.98007
0.934515
0.875739
0.812097
0.752775
0.706389
0.67966
0.676367
0.69676
0.737503
0.792187
0.852307
0.908581
0.952386
0.977101
0.979139
0.958515
0.918848
0.866806
0.811078
0.761016
0.72518
0.709995
0.718739
0.751014
0.80278
0.86696
0.934508
0.995784
1.04202
1.06664
1.06627
1.04122
0.995408
0.935752
0.871081
0.810773
0.763319
0.735028
0.729098
0.745155
0.779371
0.825103
0.873967
0.91718
0.94694
0.957657
0.946818
0.915375
0.867586
0.810351
0.752138
0.701677
0.666626
0.652411
0.661416
0.692654
0.741948
0.802601
0.866432
0.925028
0.971002
0.999068
1.00678
0.994816
0.966769
0.928512
0.887212
0.850176
0.823699
0.812105
0.817109
0.837603
0.869896
0.908339
0.946252
0.976993
0.994995
0.99662
0.9807
0.948679
0.904365
0.853313
0.801967
0.756688
0.722817
0.703928
0.701369
0.714155
0.739221
0.771977
0.807073
0.83925
0.864136
0.878874
0.882478
0.875891
0.861733
0.843794
0.826368
0.813534
0.808497
0.813096
0.827542
0.85043
0.878996
0.909581
0.938217
0.961233
0.975795
0.980289
0.974503
0.959583
0.937787
0.912085
0.885671
0.861481
0.841781
0.827893
0.820087
0.81766
0.819153
0.822684
0.826318
0.828418
0.827917
0.824462
0.818436
0.810831
0.803036
0.79656
0.792751
0.792563
0.796409
0.804117
0.814993
0.827976
0.841842
0.855426
0.86781
0.878447
0.887202
0.894298
0.900194
0.905415
0.910374
0.915226
0.919788
0.923539
0.925705
0.925416
0.921907
0.914713
0.903826
0.88978
0.87363
0.856838
0.841062
0.8279
0.818615
0.81391
0.813779
0.817483
0.823644
0.830472
0.836062
0.83874
0.837384
0.831664
0.822152
0.810287
0.798179
0.788283
0.782996
0.784229
0.793048
0.809425
0.832158
0.858987
0.886883
0.912482
0.932591
0.944689
0.947344
0.94047
0.925375
0.904593
0.881509
0.85985
0.84309
0.833897
0.83369
0.842385
0.858381
0.878791
0.899884
0.917674
0.928565
0.929945
0.920636
0.90113
0.873551
0.841363
0.808864
0.780524
0.7603
0.751011
0.753888
0.768364
0.79215
0.82158
0.852166
0.8793
0.898965
0.908362
0.906347
0.893609
0.872553
0.846925
0.821215
0.799949
0.786973
0.784848
0.794441
0.814792
0.84326
0.875933
0.908234
0.935628
0.954315
0.961809
0.957294
0.941734
0.917696
0.88893
0.859768
0.834456
0.816491
0.808108
0.809953
0.821025
0.838867
0.859981
0.880403
0.896332
0.90473
0.903784
0.89318
0.87413
0.84917
0.821759
0.795742
0.774768
0.761746
0.758434
0.765201
0.781013
0.803623
0.829938
0.856504
0.880025
0.897837
0.908279
0.910891
0.906429
0.896688
0.884184
0.871725
0.86196
0.856963
0.857913
0.864927
0.877053
0.892424
0.908558
0.922737
0.932417
0.935615
0.931201
0.919064
0.900133
0.876243
0.849878
0.82382
0.800767
0.782968
0.77193
0.76823
0.771475
0.780395
0.793056
0.807175
0.820475
0.831025
0.837538
0.839551
0.837488
0.83258
0.826666
0.821887
0.820341
0.823728
0.833058
0.84845
0.869067
0.893192
0.918444
0.942091
0.96143
0.974174
0.978777
0.974671
0.962351
0.943315
0.91985
0.89471
0.870713
0.850336
0.835364
0.826636
0.823949
0.826115
0.831178
0.836752
0.840433
0.840209
0.83482
0.823997
0.808541
0.790238
0.771601
0.755501
0.744719
0.74151
0.747227
0.762088
0.785102
0.814182
0.846426
0.878522
0.907215
0.929769
0.944345
0.950243
0.947972
0.939125
0.926104
0.911712
0.898697
0.889313
0.884967
0.886009
0.891695
0.90033
0.909563
0.916792
0.919603
0.91618
0.905625
0.888123
0.864942
0.83826
0.810852
0.785689
0.765499
0.752384
0.747525
0.751035
0.761976
0.778525
0.79828
0.818625
0.837129
0.851885
0.861768
0.866549
0.86687
0.864082
0.859982
0.856481
0.855282
0.857588
0.863914
0.874009
0.886904
0.901076
0.91469
0.925893
0.933091
0.935193
0.931762
0.923069
0.910041
0.894107
0.876992
0.86046
0.846074
0.834997
0.827854
0.824686
0.824991
0.827835
0.832025
0.836309
0.839568
0.840981
0.840138
0.837078
0.832269
0.826514
0.82082
0.816232
0.81368
0.813828
0.816985
0.823055
0.831552
0.841671
0.852397
0.862651
0.871436
0.877977
0.881823
0.882905
0.881543
0.878394
0.87435
0.87041
0.867526
0.866459
0.867664
0.871212
0.87677
0.883645
0.890876
0.897373
0.902076
0.904113
0.902939
0.898418
0.890855
0.880959
0.869739
0.858359
0.847967
0.839518
0.833639
0.830529
0.829943
0.831237
0.833479
0.835618
0.836662
0.835856
0.83282
0.827628
0.820811
0.813284
0.806206
0.800803
0.798169
0.799094
0.803929
0.812533
0.824286
0.838187
0.853002
0.867449
0.880388
0.890975
0.898761
0.903727
0.906239
0.90694
0.906607
0.905981
0.905631
0.90584
0.906572
0.90749
0.90804
0.907577
0.905509
0.901422
0.895174
0.886936
0.877157
0.866494
0.855683
0.845409
0.836185
0.828274
0.82166
0.816093
0.81118
0.806514
0.80181
0.797023
0.792412
0.788532
0.786167
0.786183
0.78935
0.796163
0.806683
0.820452
0.836497
0.853425
0.869614
0.883457
0.893627
0.899316
0.900399
0.897484
0.891846
0.885234
0.879579
0.876659
0.877767
0.883446
0.893335
0.906177
0.919967
0.932252
0.940525
0.942644
0.937226
0.923928
0.903571
0.878081
0.850244
0.823311
0.800508
0.784537
0.777138
0.778798
0.788648
0.80458
0.823559
0.842103
0.856835
0.865032
0.865082
0.85677
0.841336
0.821308
0.800117
0.781559
0.769192
0.765754
0.772707
0.789972
0.815909
0.847537
0.880975
0.912023
0.936802
0.952344
0.957046
0.950909
0.93553
0.913839
0.889635
0.866984
0.849578
0.840153
0.840068
0.849095
0.865467
0.886168
0.907411
0.92525
0.936203
0.937802
0.928987
0.910272
0.883666
0.85237
0.82028
0.791403
0.769246
0.75631
0.753728
0.761131
0.776746
0.797701
0.8205
0.84158
0.857861
0.867213
0.868756
0.862962
0.851536
0.837114
0.82281
0.811715
0.80639
0.808474
0.818431
0.835493
0.857794
0.88267
0.907079
0.928058
0.943168
0.950831
0.950532
0.942849
0.929312
0.912129
0.893816
0.876799
0.863051
0.853819
0.849486
0.849566
0.852851
0.857659
0.862149
0.864639
0.863891
0.8593
0.850975
0.839695
0.82676
0.813766
0.802339
0.79388
0.789366
0.789223
0.793298
0.800932
0.811098
0.822597
0.834255
0.845103
0.854502
0.862187
0.868256
0.87307
0.877134
0.880947
0.884873
0.889051
0.893366
0.897471
0.90087
0.903028
0.903499
0.902028
0.898621
0.893555
0.887337
0.880612
0.874037
0.868153
0.863279
0.859446
0.856393
0.853619
0.850501
0.84643
0.840967
0.833972
0.82568
0.816711
0.80801
0.800711
0.795961
0.794722
0.797591
0.804666
0.815497
0.829116
0.844156
0.85905
0.872259
0.882506
0.888983
0.891471
0.89038
0.886675
0.881713
0.877014
0.873997
0.873726
0.876719
0.882835
0.89128
0.900713
0.909455
0.915755
0.918079
0.915367
0.907225
0.894009
0.876802
0.857261
0.837391
0.819246
0.804637
0.794866
0.790546
0.79153
0.796953
0.805392
0.815105
0.824316
0.831504
0.835639
0.836338
0.833915
0.829311
0.823933
0.819409
0.817312
0.818905
0.824918
0.835432
0.849847
0.866968
0.885179
0.902673
0.917717
0.928893
0.935289
0.936609
0.933189
0.925922
0.916095
0.905183
0.89462
0.885588
0.878856
0.874685
0.872822
0.87257
0.872927
0.872764
0.871022
0.866891
0.859943
0.850212
0.838194
0.824784
0.81115
0.798576
0.788282
0.781262
0.77815
0.779146
0.783995
0.792033
0.802287
0.813614
0.82486
0.835016
0.843353
0.849509
0.853527
0.85583
0.857143
0.858367
0.86043
0.86413
0.869993
0.878168
0.888383
0.899948
0.911841
0.92283
0.931641
0.937145
0.938522
0.935394
0.927902
0.916703
0.902899
0.887894
0.873198
0.86022
0.850059
0.843342
0.840132
0.839913
0.841678
0.844086
0.845687
0.845165
0.841576
0.834527
0.824281
0.811753
0.798401
0.786027
0.776507
0.771499
0.772176
0.779012
0.791682
0.809073
0.829421
0.850556
0.87021
0.88635
0.897485
0.902886
0.902693
0.897891
0.890141
0.881514
0.874144
0.869879
0.869964
0.874829
0.883993
0.896132
0.909273
0.921104
0.929343
0.932106
0.928228
0.917463
0.900548
0.879114
0.855458
0.8322
0.811904
0.796696
0.787961
0.786146
0.790722
0.800292
0.812832
0.82603
0.837659
0.84593
0.849766
0.848956
0.844164
0.836792
0.828734
0.822045
0.818592
0.819744
0.826142
0.837596
0.853117
0.871069
0.88943
0.906104
0.91923
0.927459
0.930125
0.927313
0.919803
0.908912
0.89625
0.883458
0.871953
0.862723
0.856216
0.852325
0.850469
0.849752
0.849163
0.847791
0.844995
0.840522
0.834544
0.827608
0.820525
0.814207
0.809494
0.807011
0.80706
0.809586
0.814215
0.820348
0.827294
0.834417
0.841261
0.847623
0.853576
0.859416
0.865556
0.872392
0.880154
0.8888
0.897946
0.906885
0.914667
0.920251
0.922688
0.921314
0.915908
0.90678
0.894778
0.881193
0.867578
0.855508
0.846323
0.840891
0.839439
0.841491
0.845921
0.851123
0.855282
0.856688
0.854057
0.846792
0.835149
0.820253
0.803979
0.788683
0.776853
0.770696
0.771765
0.78066
0.796876
0.818821
0.844007
0.869395
0.891846
0.908597
0.917703
0.918358
0.911041
0.897471
0.880351
0.862955
0.848611
0.840159
0.839479
0.84716
0.862368
0.882939
0.905695
0.926928
0.942977
0.950821
0.948576
0.935829
0.913743
0.884914
0.853
0.822179
0.796509
0.779305
0.772623
0.776931
0.791033
0.81225
0.836837
0.860567
0.8794
0.890122
0.890852
0.881347
0.863046
0.838842
0.812634
0.788708
0.771067
0.762795
0.765575
0.779424
0.802692
0.832322
0.864329
0.894424
0.918674
0.934102
0.939132
0.933802
0.919723
0.899795
0.877715
0.857378
0.842257
0.834857
0.836341
0.846373
0.863209
0.884
0.905268
0.923475
0.935573
0.939474
0.934344
0.920698
0.900273
0.875718
0.85015
0.82666
0.807839
0.795419
0.790056
0.791306
0.797778
0.80743
0.817949
0.82716
0.833381
0.835666
0.833924
0.828868
0.821848
0.81457
0.808783
0.805979
0.807149
0.812649
0.822183
0.834894
0.849548
0.864764
0.879248
0.891984
0.902361
0.910203
0.915714
0.919354
0.921678
0.92317
0.924115
0.924522
0.924129
0.922476
0.919022
0.913302
0.905065
0.894376
0.881655
0.867648
0.853322
0.839715
0.827771
0.818177
0.811251
0.806898
0.804643
0.803734
0.803306
0.802563
0.800956
0.798311
0.794888
0.791357
0.788694
0.78801
0.790345
0.796465
0.806697
0.820835
0.838128
0.857364
0.877024
0.8955
0.911317
0.923336
0.930912
0.933955
0.93292
0.928697
0.922448
0.9154
0.908646
0.902977
0.89877
0.895962
0.894097
0.892439
0.89013
0.886366
0.880556
0.872436
0.862125
0.850118
0.837215
0.824395
0.812679
0.802984
0.795999
0.792109
0.791361
0.793487
0.797971
0.804137
0.811259
0.818659
0.825788
0.832274
0.837942
0.842799
0.846999
0.850786
0.854446
0.858244
0.862387
0.866993
0.872072
0.877523
0.883144
0.888644
0.893669
0.897839
0.900777
0.902164
0.901776
0.899533
0.895531
0.890053
0.883567
0.876681
0.870082
0.864438
0.860299
0.857993
0.85755
0.858663
0.860701
0.86278
0.863893
0.863076
0.859585
0.853065
0.843663
0.832074
0.81949
0.807464
0.797686
0.791721
0.790733
0.795256
0.805049
0.819064
0.835559
0.852327
0.867032
0.877584
0.882508
0.881231
0.874233
0.863037
0.850013
0.838024
0.829969
0.828282
0.834483
0.848841
0.870244
0.896273
0.923514
0.948038
0.966013
0.974315
0.971073
0.956023
0.93063
0.897933
0.862126
0.827944
0.799934
0.781737
0.775492
0.781466
0.797975
0.82162
0.847811
0.871494
0.887971
0.893688
0.886849
0.867767
0.838869
0.804372
0.769648
0.740397
0.721742
0.717401
0.729065
0.756082
0.795513
0.842545
0.891199
0.935235
0.969097
0.988759
0.99233
0.980329
0.955575
0.922727
0.887526
0.855879
0.832921
0.822208
0.825164
0.840877
0.866264
0.896587
0.926221
0.949565
0.96194
0.960337
0.943891
0.914023
0.874216
0.829474
0.785553
0.748086
0.721739
0.709534
0.712438
0.729272
0.756952
0.79102
0.826361
0.858002
0.881861
0.895335
0.897631
0.88981
0.874536
0.855584
0.837195
0.823374
0.817253
0.82061
0.83362
0.854856
0.881548
0.910038
0.936354
0.956826
0.96862
0.970144
0.961239
0.943159
0.918335
0.889979
0.861584
0.836417
0.817057
0.805071
0.800852
0.80364
0.811715
0.822729
0.834103
0.843449
0.848929
0.849525
0.845154
0.836648
0.825588
0.814028
0.804162
0.797979
0.796957
0.801847
0.812569
0.828233
0.847274
0.867688
0.887318
0.904151
0.91659
0.923654
0.92508
0.921327
0.913467
0.903004
0.891627
0.88096
0.87232
0.866543
0.86388
0.863992
0.866036
0.868821
0.87102
0.871397
0.869011
0.863381
0.854566
0.843167
0.830246
0.817167
0.805402
0.796311
0.790953
0.789931
0.79332
0.800665
0.811065
0.823315
0.836094
0.848156
0.858505
0.866524
0.87203
0.875266
0.87682
0.877487
0.878112
0.879425
0.88191
0.885717
0.890641
0.896163
0.901544
0.905959
0.908639
0.909001
0.906744
0.901889
0.894766
0.885948
0.87615
0.866105
0.856452
0.84765
0.839933
0.833316
0.827646
0.822684
0.818203
0.814078
0.81035
0.807239
0.805121
0.804453
0.805671
0.80908
0.814758
0.822493
0.831781
0.841874
0.851882
0.860914
0.868232
0.873379
0.876277
0.877245
0.876957
0.876321
0.876307
0.877755
0.88119
0.886682
0.893784
0.901562
0.908714
0.913769
0.915342
0.912381
0.904389
0.891567
0.874847
0.855803
0.83646
0.819007
0.805473
0.797411
0.795641
0.800105
0.80985
0.823163
0.837822
0.851441
0.861856
0.867474
0.867547
0.862309
0.852961
0.841487
0.830346
0.822069
0.818832
0.822079
0.832245
0.848634
0.869486
0.892201
0.913718
0.930971
0.941365
0.943185
0.935884
0.920192
0.898035
0.872263
0.846236
0.823325
0.806407
0.797427
0.797109
0.804847
0.818806
0.83621
0.853784
0.868274
0.876965
0.878126
0.871291
0.857357
0.838463
0.817668
0.798488
0.784346
0.778038
0.781272
0.794387
0.816256
0.84443
0.875478
0.905475
0.930586
0.947629
0.954555
0.950757
0.937169
0.916128
0.891026
0.865802
0.844342
0.829883
0.824519
0.828866
0.841956
0.861375
0.883621
0.904641
0.920451
0.927769
0.924541
0.910297
0.886262
0.855218
0.821119
0.788519
0.761897
0.744983
0.740172
0.748142
0.767716
0.79601
0.828837
0.861326
0.888649
0.906766
0.913054
0.906736
0.889034
0.863016
0.833151
0.804647
0.782645
0.771415
0.773665
0.790073
0.819123
0.857282
0.899483
0.939868
0.972668
0.993087
0.99806
0.986762
0.960777
0.923902
0.881606
0.840213
0.805941
0.783935
0.777453
0.787321
0.811768
0.846656
0.886086
0.923293
0.951697
0.965941
0.962762
0.941555
0.904528
0.856424
0.803841
0.754251
0.714866
0.691521
0.687756
0.704236
0.738611
0.78584
0.838937
0.890028
0.931558
0.957459
0.964106
0.95089
0.920335
0.877726
0.830294
0.7861
0.752773
0.736303
0.740086
0.764362
0.806142
0.859639
0.917142
0.97019
1.01088
1.03307
1.03339
1.01169
0.971153
0.917765
0.859417
0.804691
0.76154
0.736072
0.731617
0.748234
0.782718
0.82912
0.879691
0.926096
0.960717
0.977833
0.974504
0.951008
0.910785
0.85988
0.805995
0.757281
0.721081
0.702802
0.705099
0.727494
0.766481
0.816101
0.86888
0.916999
0.953488
0.97328
0.973953
0.95605
0.922938
0.880238
0.834914
0.79418
0.764379
0.750032
0.753179
0.773115
0.806562
0.84822
0.891631
0.930186
0.958143
0.971486
0.968492
0.949946
0.918959
0.880441
0.84031
0.804572
0.778411
0.765429
0.767146
0.782829
0.809664
0.843246
0.878281
0.909415
0.93204
0.942965
0.940856
0.92639
0.902087
0.871892
0.840537
0.812812
0.792844
0.783496
0.785963
0.79963
0.822201
0.850075
0.8789
0.904236
0.922212
0.930089
0.926647
0.912346
0.889235
0.860639
0.830653
0.803537
0.783096
0.772127
0.772019
0.782564
0.802
0.827281
0.85454
0.879659
0.898894
0.909432
0.909818
0.900182
0.88223
0.859003
0.834425
0.812721
0.79777
0.792508
0.798452
0.815436
0.84159
0.873576
0.907058
0.937322
0.959981
0.971636
0.970414
0.956273
0.931054
0.898229
0.86241
0.828666
0.801758
0.785406
0.781704
0.790773
0.810719
0.837896
0.867461
0.894116
0.912944
0.920202
0.913948
0.894389
0.863911
0.826753
0.788389
0.7547
0.73106
0.72149
0.727997
0.750226
0.785463
0.82902
0.87492
0.916805
0.948898
0.966906
0.968674
0.954533
0.927247
0.891579
0.85355
0.819489
0.795037
0.784257
0.78899
0.808565
0.839911
0.878037
0.91683
0.950024
0.972189
0.97959
0.970773
0.946784
0.910998
0.868579
0.825655
0.788362
0.761886
0.749677
0.752936
0.770483
0.798985
0.833531
0.868442
0.898183
0.918227
0.925741
0.919974
0.902306
0.875957
0.845399
0.815602
0.791214
0.775833
0.771482
0.778353
0.794872
0.818047
0.844034
0.868818
0.888876
0.901736
0.906309
0.902974
0.893402
0.88016
0.866194
0.854262
0.846459
0.843879
0.846501
0.853289
0.862482
0.872014
0.879964
0.884958
0.886425
0.884678
0.880789
0.8763
0.872823
0.871627
0.873286
0.877484
0.883014
0.887985
0.890206
0.887668
0.879037
0.864053
0.84374
0.820377
0.797209
0.777938
0.766077
0.764269
0.773721
0.793837
0.822161
0.854655
0.886274
0.911773
0.926608
0.927775
0.914439
0.888226
0.853104
0.814861
0.780221
0.755764
0.746795
0.756366
0.784631
0.828646
0.882676
0.93899
0.989021
1.02472
1.03987
1.03122
0.999057
0.947382
0.883355
0.816284
0.756209
0.712327
0.691503
0.697117
0.72844
0.780654
0.84553
0.912668
0.971117
1.01111
1.02565
1.01169
0.970684
0.90843
0.83425
0.75955
0.696051
0.653939
0.640231
0.657631
0.704044
0.772858
0.853925
0.935125
1.00424
1.05084
1.06795
1.0531
1.00874
0.94187
0.862902
0.784074
0.717526
0.673418
0.658357
0.674401
0.718772
0.784328
0.86072
0.936038
0.998676
1.03915
1.05153
1.03435
0.990743
0.927924
0.855982
0.78628
0.729666
0.694794
0.686817
0.706644
0.750881
0.812424
0.881637
0.947878
1.00116
1.03366
1.04087
1.0222
0.98094
0.923671
0.859138
0.796854
0.745622
0.712216
0.700427
0.710598
0.739715
0.782018
0.830002
0.875664
0.911769
0.932944
0.936443
0.922467
0.894009
0.856277
0.815788
0.779308
0.752787
0.740478
0.744348
0.763877
0.79624
0.836844
0.880093
0.920283
0.952446
0.973053
0.980436
0.974918
0.958622
0.93502
0.908307
0.882708
0.861829
0.848153
0.842744
0.845194
0.853811
0.86598
0.878657
0.888887
0.89427
0.893313
0.88561
0.871845
0.853625
0.833182
0.813007
0.795469
0.782479
0.775249
0.774182
0.778876
0.788254
0.800778
0.814704
0.828348
0.840311
0.849645
0.855927
0.859262
0.860201
0.859607
0.858491
0.857843
0.858481
0.86094
0.865408
0.871717
0.87938
0.887667
0.895709
0.902619
0.907604
0.910063
0.909668
0.9064
0.900556
0.892717
0.883678
0.874354
0.865666
0.858424
0.853216
0.850329
0.8497
0.850916
0.853265
0.855835
0.857643
0.857796
0.855636
0.850866
0.843632
0.834533
0.82457
0.815015
0.807237
0.802492
0.801722
0.805376
0.813313
0.82478
0.838488
0.85278
0.865871
0.876112
0.882259
0.883685
0.880502
0.873575
0.864413
0.854944
0.847217
0.843066
0.843788
0.849901
0.861011
0.875822
0.892295
0.907938
0.920185
0.926801
0.926261
0.918028
0.902689
0.881917
0.858257
0.834769
0.814575
0.800376
0.794027
0.796226
0.806381
0.822676
0.842332
0.86203
0.878428
0.888699
0.890992
0.884752
0.870844
0.851439
0.829703
0.809308
0.793853
0.786286
0.788415
0.800582
0.821577
0.848783
0.878554
0.906756
0.929403
0.943271
0.946404
0.938431
0.920635
0.895765
0.867617
0.840451
0.81833
0.80449
0.800834
0.80764
0.823521
0.845648
0.8702
0.892968
0.910027
0.918353
0.916305
0.903881
0.882724
0.855862
0.827236
0.801083
0.78128
0.770748
0.771004
0.781941
0.801859
0.827747
0.855758
0.881814
0.902233
0.914283
0.916586
0.909298
0.89405
0.873659
0.851667
0.83177
0.817241
0.810432
0.812429
0.822909
0.840228
0.861701
0.884045
0.903894
0.918323
0.92528
0.923878
0.914492
0.898671
0.87886
0.858001
0.839073
0.824635
0.816456
0.81528
0.820747
0.8315
0.845429
0.860026
0.872784
0.881585
0.885008
0.882523
0.874536
0.862294
0.847667
0.832838
0.819965
0.810856
0.806714
0.807981
0.814305
0.824627
0.837372
0.850707
0.862826
0.872217
0.877877
0.879432
0.877163
0.871927
0.864997
0.857848
0.851915
0.848377
0.84798
0.850942
0.856935
0.865156
0.874461
0.883552
0.891174
0.896299
0.898267
0.89687
0.89236
0.885386
0.876887
0.867928
0.859546
0.852592
0.847621
0.84483
0.844053
0.844818
0.846441
0.848157
0.84925
0.849171
0.847624
0.844603
0.84039
0.835495
0.830572
0.826311
0.823336
0.822107
0.822865
0.825604
0.830091
0.835908
0.842532
0.849412
0.85605
0.862061
0.867211
0.871426
0.87477
0.877404
0.879535
0.881359
0.883018
0.884566
0.885965
0.887094
0.887774
0.88781
0.887025
0.885299
0.88259
0.878938
0.874463
0.869348
0.863806
0.858063
0.852327
0.846782
0.841573
0.836817
0.832609
0.829032
0.82617
0.824108
0.822932
0.822717
0.823514
0.825337
0.828151
0.831865
0.836345
0.841416
0.846889
0.852578
0.858323
0.863994
0.869498
0.874764
0.879729
0.884308
0.888381
0.89177
0.894251
0.895561
0.895443
0.893683
0.890166
0.884917
0.878131
0.870174
0.861562
0.852904
0.844827
0.837893
0.832518
0.8289
0.827
0.82654
0.82706
0.828002
0.828822
0.829103
0.82865
0.827556
0.826213
0.825261
0.825495
0.827723
0.832607
0.840515
0.851406
0.864772
0.87966
0.894765
0.908585
0.919636
0.926664
0.928845
0.925926
0.918286
0.906904
0.893222
0.878943
0.865774
0.855159
0.848059
0.844788
0.844969
0.847589
0.851174
0.854038
0.854582
0.851586
0.844454
0.833357
0.819261
0.803814
0.789126
0.777449
0.770829
0.770769
0.777967
0.792166
0.812149
0.835889
0.860815
0.884184
0.90347
0.916743
0.922944
0.922044
0.915028
0.903738
0.890566
0.878068
0.868554
0.86371
0.864326
0.870163
0.879997
0.891811
0.903133
0.911436
0.914566
0.911109
0.900641
0.883826
0.862343
0.838646
0.815603
0.796067
0.782448
0.776349
0.778332
0.787843
0.803307
0.822386
0.84234
0.860453
0.874439
0.882773
0.884897
0.881259
0.873205
0.862714
0.852057
0.843403
0.83847
0.83825
0.842865
0.851572
0.86291
0.874965
0.885691
0.89326
0.896354
0.894368
0.88749
0.87665
0.863349
0.8494
0.836634
0.826619
0.82043
0.818523
0.820711
0.826257
0.834043
0.842797
0.851325
0.858705
0.864416
0.868374
0.870885
0.872513
0.873916
0.875661
0.878081
0.881182
0.884632
0.887833
0.89005
0.89058
0.888925
0.884919
0.878798
0.871183
0.862979
0.855212
0.84883
0.844502
0.842473
0.842492
0.843834
0.845427
0.846056
0.844615
0.840355
0.833083
0.823273
0.812055
0.801082
0.792282
0.787542
0.788371
0.795606
0.809203
0.828177
0.850685
0.874267
0.896196
0.913896
0.925347
0.929418
0.926065
0.916357
0.902322
0.886624
0.872135
0.861458
0.856487
0.858072
0.865857
0.878309
0.892954
0.906767
0.916673
0.920058
0.915229
0.901726
0.880436
0.853506
0.824034
0.795615
0.771801
0.755556
0.748806
0.752154
0.764796
0.784664
0.808761
0.833644
0.855965
0.872984
0.882982
0.885495
0.88134
0.872432
0.861429
0.851258
0.844613
0.843498
0.848898
0.860621
0.877343
0.896832
0.916321
0.932958
0.944257
0.948479
0.944885
0.933811
0.91658
0.895258
0.8723
0.850161
0.830932
0.816057
0.80618
0.801139
0.800096
0.801771
0.804734
0.807701
0.809766
0.810551
0.810232
0.809451
0.809145
0.810311
0.81378
0.820021
0.829039
0.840359
0.853116
0.866223
0.878582
0.889288
0.897797
0.904003
0.908234
0.911135
0.913491
0.916011
0.919118
0.922799
0.92654
0.929378
0.930053
0.927244
0.91985
0.907254
0.889529
0.867528
0.842849
0.817658
0.794397
0.775423
0.762643
0.75719
0.759221
0.767863
0.78133
0.797192
0.812766
0.825555
0.833676
0.836192
0.833295
0.826303
0.817462
0.809588
0.805587
0.807952
0.818297
0.837024
0.863175
0.894492
0.927706
0.958986
0.984499
1.001
1.00631
0.99972
0.982084
0.955735
0.924155
0.891459
0.86178
0.838641
0.824424
0.820003
0.824622
0.836019
0.850801
0.864989
0.874678
0.876679
0.869072
0.85155
0.825528
0.793973
0.760982
0.731184
0.709037
0.69814
0.700662
0.716983
0.7456
0.783318
0.825698
0.867704
0.904438
0.931864
0.947399
0.950286
0.941686
0.924479
0.902788
0.88132
0.864606
0.856274
0.858449
0.8714
0.89347
0.92131
0.950388
0.975687
0.992495
0.997149
0.987639
0.963947
0.928102
0.883907
0.836396
0.791105
0.753257
0.727003
0.714812
0.71714
0.73239
0.757196
0.786976
0.816664
0.84151
0.857818
0.863516
0.858453
0.8444
0.824731
0.803861
0.786516
0.776956
0.778277
0.791894
0.817298
0.852109
0.892428
0.933413
0.970011
0.997706
1.01318
1.01479
1.00275
0.979106
0.947325
0.911773
0.87703
0.847199
0.825322
0.812979
0.810123
0.815187
0.825422
0.837403
0.847635
0.853138
0.851934
0.843354
0.828127
0.808239
0.786598
0.766559
0.751388
0.743757
0.745344
0.756591
0.776665
0.803603
0.834622
0.866542
0.896238
0.921064
0.939183
0.949754
0.95296
0.949885
0.94226
0.932137
0.921539
0.91214
0.905031
0.900594
0.898504
0.897843
0.897307
0.895463
0.891015
0.883041
0.87115
0.855565
0.837098
0.817039
0.796985
0.778623
0.763509
0.752883
0.747527
0.747694
0.753113
0.763063
0.776494
0.792185
0.808908
0.825575
0.841354
0.855726
0.868502
0.879782
0.889872
0.899181
0.908105
0.916924
0.925724
0.934356
0.942437
0.949396
0.954545
0.957183
0.956699
0.952667
0.944921
0.933593
0.919111
0.902157
0.883598
0.864386
0.845457
0.82764
0.811577
0.797688
0.786162
0.776988
0.770008
0.764994
0.761719
0.760019
0.759834
0.761212
0.764294
0.769262
0.776276
0.785413
0.79661
0.80964
0.824108
0.839485
0.855169
0.870556
0.885115
0.898452
0.91034
0.920722
0.929676
0.937354
0.9439
0.949376
0.953702
0.956633
0.957774
0.956643
0.952761
0.945769
0.93553
0.92222
0.90636
0.888793
0.87061
0.853009
0.837137
0.823916
0.813904
0.807198
0.80342
0.801781
0.80121
0.800555
0.798795
0.795244
0.789704
0.782542
0.774664
0.767396
0.762276
0.760803
0.764166
0.77302
0.787322
0.806293
0.828482
0.85195
0.87454
0.894191
0.909245
0.918699
0.922358
0.920859
0.915568
0.908349
0.901262
0.896215
0.894645
0.897274
0.903976
0.913785
0.925042
0.935659
0.943452
0.946499
0.943463
0.933819
0.91796
0.897156
0.873382
0.849027
0.826546
0.808101
0.795252
0.788735
0.788382
0.79317
0.801404
0.811005
0.819844
0.826081
0.828451
0.826459
0.820445
0.811521
0.801384
0.792051
0.785529
0.783504
0.787075
0.796578
0.811523
0.830662
0.852161
0.873859
0.893574
0.909406
0.92
0.924724
0.923741
0.917968
0.908925
0.898496
0.888647
0.881125
0.8772
0.877467
0.881762
0.889178
0.898201
0.906934
0.913387
0.915785
0.912851
0.904031
0.889607
0.870701
0.849145
0.827247
0.807477
0.792115
0.782913
0.780829
0.785863
0.797035
0.812504
0.829823
0.846298
0.859391
0.867115
0.868357
0.863076
0.852339
0.838187
0.823337
0.810768
0.803244
0.802857
0.810653
0.826409
0.848606
0.874601
0.900991
0.924112
0.940599
0.947921
0.944811
0.931501
0.909746
0.882594
0.853958
0.828026
0.808624
0.798612
0.799413
0.810771
0.830755
0.856038
0.882401
0.905389
0.921019
0.926428
0.920346
0.903338
0.877742
0.847333
0.816745
0.790751
0.773508
0.767882
0.774983
0.793955
0.822089
0.855224
0.888378
0.916523
0.935364
0
0
0
0
0
0
0
0
0
0
0
0
0
0
0
0
0
0
0
0
0
0
0
0
0
0
0
0
0
0
0
0
0
0
0
0
0
0
0
0
0
0
0
0
0
0
0
0
0
0
0
0
0
0
0
0
0
0
0
0
0
0
0
0
0
0
0
0
0
0
0
0
0
0
0
0
0
0
0
0
0
0
0
0
0
0
0
0
0
0
0
0
0
0
0
0
0
0
0
0
0
0
0
0
0
0
0
0
0
0
0
0
0
0
0
0
0
0
0
0
0
0
0
0
0
0
0
0
0
0
0
0
0
0
0
0
0
0
0
0
0
0
0
0
0
0
0
0
0
0
0
0
0
0
0
0
0
0
0
0
0
0
0
0
0
0
0
0
0
0
0
0
0
0
0
0
0
0
0
0
0
0
0
0
0
0
0
0
0
0
0
0
0
0
0
0
0
0
0
0
0
0
0
0
0
0
0
0
0
0
0
0
0
0
0
0
0
0
0
0
0
0
0
0
0
0
0
0
0
0
0
0
0
0
0
0
0
0
0
0
0
0
0
0
0
0
0
0
0
0
0
0
0
0
0
0
0
0
0
0
0
0
0
0
0
0
0
0
0
0
0
0
0
0
0
0
0
0
0
0
0
0
0
0
0
0
0
0
0
0
0
0
0
0
0
0
0
0
0
0
0
0
0
0
0
0
0
0
0
0
0
0
0
0
0
0
0
0
0
0
0
0
0
0
0
0
0
0
0
0
0
0
0
0
0
0
0
0
0
0
0
0
0
0
0
0
0
0
0
0
0
0
0
0
0
0
0
0
0
0
0
0
0
0
0
0
0
0
0
0
0
0
0
0
0
0
0
0
0
0
0
0
0
0
0
0
0
0
0
0
0
0
0
0
0
0
0
0
0
0
0
0
0
0
0
0
0
0
0
0
0
0
0
0
0
0
0
0
0
0
0
0
0
0
0
0
0
0
0
0
0
0
0
0
0
0
0
0
0
0
0
0
0
0
0
0
0
0
0
0
0
0
0
0
0
0
0
0
0
0
0
0
0
0
0
0
0
0
0
0
0
0
0
0
0
0
0
0
0
0
0
0
0
0
0
0
0
0
0
0
0
0
0
0
0
0
0
0
0
0
0
0
0
0
0
0
0
0
0
0
0
0
0
0
0
0
0
0
0
0
0
0
0
0
0
0
0
0
0
0
0
0
0
0
0
0
0
0
0
0
0
0
0
0
0
0
0
0
0
0
0
0
0
0
0
0
0
0
0
0
0
0
0
0
0
0
0
0
0
0
0
0
0
0
0
0
0
0
0
0
0
0
0
0
0
0
0
0
0
0
0
0
0
0
0
0
0
0
0
0
0
0
0
0
0
0
0
0
0
0
0
0
0
0
0
0
0
0
0
0
0
0
0
0
0
0
0
0
0
0
0
0
0
0
0
0
0
0
0
0
0
0
0
0
0
0
0
0
0
0
0
0
0
0
0
0
0
0
0
0
0
0
0
0
0
0
0
0
0
0
0
0
0
0
0
0
0
0
0
0
0
0
0
0
0
0
0
0
0
0
0
0
0
0
0
0
0
0
0
0
0
0
0
0
0
0
0
0
0
0
0
0
0
0
0
0
0
0
0
0
0
0
0
0
0
0
0
0
0
0
0
0
0
0
0
0
0
0
0
0
0
0
0
0
0
0
0
0
0
0
0
0
0
0
0
0
0
0
0
0
0
0
0
0
0
0
0
0
0
0
0
0
0
0
0
0
0
0
0
0
0
0
0
0
0
0
0
0
0
0
0
0
0
0
0
0
0
0
0
0
0
0
0
0
0
0
0
0
0
0
0
0
0
0
0
0
0
0
0
0
0
0
0
0
0
0
0
0
0
0
0
0
0
0
0
0
0
0
0
0
0
0
0
0
0
0
0
0
0
0
0
0
0
0
0
0
0
0
0
0
0
0
0
0
0
0
0
0
0
0
0
0
0
0
0
0
0
0
0
0
0
0
0
0
0
0
0
0
0
0
0
0
0
0
0
0
0
0
0
0
0
0
0
0
0
0
0
0
0
0
0
0
0
0
0
0
0
0
0
0
0
0
0
0
0
0
0
0
0
0
0
0
0
0
0
0
0
0
0
0
0
0
0
0
0
0
0
0
0
0
0
0
0
0
0
0
0
0
0
0
0
0
0
0
0
0
0
0
0
0
0
0
0
0
0
0
0
0
0
0
0
0
0
0
0
0
0
0
0
0
0
0
0
0
0
0
0
0
0
0
0
0
0
0
0
0
0
0
0
0
0
0
0
0
0
0
0
0
0
0
0
0
0
0
0
0
0
0
0
0
0
0
0
0
0
0
0
0
0
0
0
0
0
0
0
0
0
0
0
0
0
0
0
0
0
0
0
0
0
0
0
0
0
0
0
0
0
0
0
0
0
0
0
0
0
0
0
0
0
0
0
0
0
0
0
0
0
0
0
0
0
0
0
0
0
0
0
0
0
0
0
0
0
0
0
0
0
0
0
0
0
0
0
0
0
0
0
0
0
0
0
0
0
0
0
0
0
0
0
0
0
0
0
0
0
0
0
0
0
0
0
0
0
0
0
0
0
0
0
0
0
0
0
0
0
0
0
0
0
0
0
0
0
0
0
0
0
0
0
0
0
0
0
0
0
0
0
0
0
0
0
0
0
0
0
0
0
0
0
0
0
0
0
0
0
0
0
0
0
0
0
0
0
0
0
0
0
0
0
0
0
0
0
0
0
0
0
0
0
0
0
0
0
0
0
0
0
0
0
0
0
0
0
0
0
0
0
0
0
0
0
0
0
0
0
0
0
0
0
0
0
0
0
0
0
0
0
0
0
0
0
0
0
0
0
0
0
0
0
0
0
0
0
0
0
0
0
0
0
0
0
0
0
0
0
0
0
0
0
0
0
0
0
0
0
0
0
0
0
0
0
0
0
0
0
0
0
0
0
0
0
0
0
0
0
0
0
0
0
0
0
0
0
0
0
0
0
0
0
0
0
0
0
0
0
0
0
0
0
0
0
0
0
0
0
0
0
0
0
0
0
0
0
0
0
0
0
0
0
0
0
0
0
0
0
0
0
0
0
0
0
0
0
0
0
0
0
0
0
0
0
0
0
0
0
0
0
0
0
0
0
0
0
0
0
0
0
0
0
0
0
0
0
0
0
0
0
0
0
0
0
0
0
0
0
0
0
0
0
0
0
0
0
0
0
0
0
0
0
0
0
0
0
0
0
0
0
0
0
0
0
0
0
0
0
0
0
0
0
0
0
0
0
0
0
0
0
0
0
0
0
0
0
0
0
0
0
0
0
0
0
0
0
0
0
0
0
0
0
0
0
0
0
0
0
0
0
0
0
0
0
0
0
0
0
0
0
0
0
0
0
0
0
0
0
0
0
0
0
0
0
0
0
0
0
0
0
0
0
0
0
0
0
0
0
0
0
0
0
0
0
0
0
0
0
0
0
0
0
0
0
0
0
0
0
0
0
0
0
0
0
0
0
0
0
0
0
0
0
0
0
0
0
0
0
0
0
0
0
0
0
0
0
0
0
0
0
0
0
0
0
0
0
0
0
0
0
0
0
0
0
0
0
0
0
0
0
0
0
0
0
0
0
0
0
0
0
0
0
0
0
0
0
0
0
0
0
0
0
0
0
0
0
0
0
0
0
0
0
0
0
0
0
0
0
0
0
0
0
0
0
0
0
0
0
0
0
0
0
0
0
0
0
0
0
0
0
0
0
0
0
0
0
0
0
0
0
0
0
0
0
0
0
0
0
0
0
0
0
0
0
0
0
0
0
0
0
0
0
0
0
0
0
0
0
0
0
0
0
0
0
0
0
0
0
0
0
0
0
0
0
0
0
0
0
0
0
0
0
0
0
0
0
0
0
0
0
0
0
0
0
0
0
0
0
0
0
0
0
0
0
0
0
0
0
0
0
0
0
0
0
0
0
0
0
0
0
0
0
0
0
0
0
0
0
0
0
0
0
0
0
0
0
0
0
0
0
0
0
0
0
0
0
0
0
0
0
0
0
0
0
0
0
0
0
0
0
0
0
0
0
0
0
0
0
0
0
0
0
0
0
0
0
0
0
0
0
0
0
0
0
0
0
0
0
0
0
0
0
0
0
0
0
0
0
0
0
0
0
0
0
0
0
0
0
0
0
0
0
0
0
0
0
0
0
0
0
0
0
0
0
0
0
0
0
0
0
0
0
0
0
0
0
0
0
0
0
0
0
0
0
0
0
0
0
0
0
0
0
0
0
0
0
0
0
0
0
0
0
0
0
0
0
0
0
0
0
0
0
0
0
0
0
0
0
0
0
0
0
0
0
0
0
0
0
0
0
0
0
0
0
0
0
0
0
0
0
0
0
0
0
0
0
0
0
0
0
0
0
0
0
0
0
0
0
0
0
0
0
0
0
0
0
0
0
0
0
0
0
0
0
0
0
0
0
0
0
0
0
0
0
0
0
0
0
0
0
0
0
0
0
0
0
0
0
0
0
0
0
0
0
0
0
0
0
0
0
0
0
0
0
0
0
0
0
0
0
0
0
0
0
0
0
0
0
0
0
0
0
0
0
0
0
0
0
0
0
0
0
0
0
0
0
0
0
0
0
0
0
0
0
0
0
0
0
0
0
0
0
0
0
0
0
0
0
0
0
0
0
0
0
0
0
0
0
0
0
0
0
0
0
0
0
0
0
0
0
0
0
0
0
0
0
0
0
0
0
0
0
0
0
0
0
0
0
0
0
0
0
0
0
0
0
0
0
0
0
0
0
0
0
0
0
0
0
0
0
0
0
0
0
0
0
0
0
0
0
0
0
0
0
0
0
0
0
0
0
0
0
0
0
0
0
0
0
0
0
0
0
0
0
0
0
0
0
0
0
0
0
0
0
0
0
0
0
0
0
0
0
0
0
0
0
0
0
0
0
0
0
0
0
0
0
0
0
0
0
0
0
0
0
0
0
0
0
0
0
0
0
0
0
0
0
0
0
0
0
0
0
0
0
0
0
0
0
0
0
0
0
0
0
0
0
0
0
0
0
0
0
0
0
0
0
0
0
0
0
0
0
0
0
0
0
0
0
0
0
0
0
0
0
0
0
0
0
0
0
0
0
0
0
0
0
0
0
0
0
0
0
0
0
0
0
0
0
0
0
0
0
0
0
0
0
0
0
0
0
0
0
0
0
0
0
0
0
0
0
0
0
0
0
0
0
0
0
0
0
0
0
0
0
0
0
0
0
0
0
0
0
0
0
0
0
0
0
0
0
0
0
0
0
0
0
0
0
0
0
0
0
0
0
0
0
0
0
0
0
0
0
0
0
0
0
0
0
0
0
0
0
0
0
0
0
0
0
0
0
0
0
0
0
0
0
0
0
0
0
0
0
0
0
0
0
0
0
0
0
0
0
0
0
0
0
0
0
0
0
0
0
0
0
0
0
0
0
0
0
0
0
0
0
0
0
0
0
0
0
0
0
0
0
0
0
0
0
0
0
0
0
0
0
0
0
0
0
0
0
0
0
0
0
0
0
0
0
0
0
0
0
0
0
0
0
0
0
0
0
0
0
0
0
0
0
0
0
0
0
0
0
0
0
0
0
0
0
0
0
0
0
0
0
0
0
0
0
0
0
0
0
0
0
0
0
0
0
0
0
0
0
0
0
0
0
0
0
0
0
0
0
0
0
0
0
0
0
0
0
0
0
0
0
0
0
0
0
0
0
0
0
0
0
0
0
0
0
0
0
0
0
0
0
0
0
0
0
0
0
0
0
0
0
0
0
0
0
0
0
0
0
0
0
0
0
0
0
0
0
0
0
0
0
0
0
0
0
0
0
0
0
0
0
0
0
0
0
0
0
0
0
0
0
0
0
0
0
0
0
0
0
0
0
0
0
0
0
0
0
0
0
0
0
0
0
0
0
0
0
0
0
0
0
0
0
0
0
0
0
0
0
0
0
0
0
0
0
0
0
0
0
0
0
0
0
0
0
0
0
0
0
0
0
0
0
0
0
0
0
0
0
0
0
0
0
0
0
0
0
0
0
0
0
0
0
0
0
0
0
0
0
0
0
0
0
0
0
0
0
0
0
0
0
0
0
0
0
0
0
0
0
0
0
0
0
0
0
0
0
0
0
0
0
0
0
0
0
0
0
0
0
0
0
0
0
0
0
0
0
0
0
0
0
0
0
0
0
0
0
0
0
0
0
0
0
0
0
0
0
0
0
0
0
0
0
0
0
0
0
0
0
0
0
0
0
0
0
0
0
0
0
0
0
0
0
0
0
0
0
0
0
0
0
0
0
0
0
0
0
0
0
0
0
0
0
0
0
0
0
0
0
0
0
0
0
0
0
0
0
0
0
0
0
0
0
0
0
0
0
0
0
0
0
0
0
0
0
0
0
0
0
0
0
0
0
0
0
0
0
0
0
0
0
0
0
0
0
0
0
0
0
0
0
0
0
0
0
0
0
0
0
0
0
0
0
0
0
0
0
0
0
0
0
0
0
0
0
0
0
0
0
0
0
0
0
0
0
0
0
0
0
0
0
0
0
0
0
0
0
0
0
0
0
0
0
0
0
0
0
0
0
0
0
0
0
0
0
0
0
0
0
0
0
0
0
0
0
0
0
0
0
0
0
0
0
0
0
0
0
0
0
0
0
0
0
0
0
0
0
0
0
0
0
0
0
0
0
0
0
0
0
0
0
0
0
0
0
0
0
0
0
0
0
0
0
0
0
0
0
0
0
0
0
0
0
0
0
0
0
0
0
0
0
0
0
0
0
0
0
0
0
0
0
0
0
0
0
0
0
0
0
0
0
0
0
0
0
0
0
0
0
0
0
0
0
0
0
0
0
0
0
0
0
0
0
0
0
0
0
0
0
0
0
0
0
0
0
0
0
0
0
0
0
0
0
0
0
0
0
0
0
0
0
0
0
0
0
0
0
0
0
0
0
0
0
0
0
0
0
0
0
0
0
0
0
0
0
0
0
0
0
0
0
0
0
0
0
0
0
0
0
0
0
0
0
0
0
0
0
0
0
0
0
0
0
0
0
0
0
0
0
0
0
0
0
0
0
0
0
0
0
0
0
0
0
0
0
0
0
0
0
0
0
0
0
0
0
0
0
0
0
0
0
0
0
0
0
0
0
0
0
0
0
0
0
0
0
0
0
0
0
0
0
0
0
0
0
0
0
0
0
0
0
0
0
0
0
0
0
0
0
0
0
0
0
0
0
0
0
0
0
0
0
0
0
0
0
0
0
0
0
0
0
0
0
0
0
0
0
0
0
0
0
0
0
0
0
0
0
0
0
0
0
0
0
0
0
0
0
0
0
0
0
0
0
0
0
0
0
0
0
0
0
0
0
0
0
0
0
0
0
0
0
0
0
0
0
0
0
0
0
0
0
0
0
0
0
0
0
0
0
0
0
0
0
0
0
0
0
0
0
0
0
0
0
0
0
0
0
0
0
0
0
0
0
0
0
0
0
0
0
0
0
0
0
0
0
0
0
0
0
0
0
0
0
0
0
0
0
0
0
0
0
0
0
0
0
0
0
0
0
0
0
0
0
0
0
0
0
0
0
0
0
0
0
0
0
0
0
0
0
0
0
0
0
0
0
0
0
0
0
0
0
0
0
0
0
0
0
0
0
0
0
0
0
0
0
0
0
0
0
0
0
0
0
0
0
0
0
0
0
0
0
0
0
0
0
0
0
0
0
0
0
0
0
0
0
0
0
0
0
0
0
0
0
0
0
0
0
0
0
0
0
0
0
0
0
0
0
0
0
0
0
0
0
0
0
0
0
0
0
0
0
0
0
0
0
0
0
0
0
0
0
0
0
0
0
0
0
0
0
0
0
0
0
0
0
0
0
0
0
0
0
0
0
0
0
0
0
0
0
0
0
0
0
0
0
0
0
0
0
0
0
0
0
0
0
0
0
0
0
0
0
0
0
0
0
0
0
0
0
0
0
0
0
0
0
0
0
0
0
0
0
0
0
0
0
0
0
0
0
0
0
0
0
0
0
0
0
0
0
0
0
0
0
0
0
0
0
0
0
0
0
0
0
0
0
0
0
0
0
0
0
0
0
0
0
0
0
0
0
0
0
0
0
0
0
0
0
0
0
0
0
0
0
0
0
0
0
0
0
0
0
0
0
0
0
0
0
0
0
0
0
0
0
0
0
0
0
0
0
0
0
0
0
0
0
0
0
0
0
0
0
0
0
0
0
0
0
0
0
0
0
0
0
0
0
0
0
0
0
0
0
0
0
0
0
0
0
0
0
0
0
0
0
0
0
0
0
0
0
0
0
0
0
0
0
0
0
0
0
0
0
0
0
0
0
0
0
0
0
0
0
0
0
0
0
0
0
0
0
0
0
0
0
0
0
0
0
0
0
0
0
0
0
0
0
0
0
0
0
0
0
0
0
0
0
0
0
0
0
0
0
0
0
0
0
0
0
0
0
0
0
0
0
0
0
0
0
0
0
0
0
0
0
0
0
0
0
0
0
0
0
0
0
0
0
0
0
0
0
0
0
0
0
0
0
0
0
0
0
0
0
0
0
0
0
0
0
0
0
0
0
0
0
0
0
0
0
0
0
0
0
0
0
0
0
0
0
0
0
0
0
0
0
0
0
0
0
0
0
0
0
0
0
0
0
0
0
0
0
0
0
0
0
0
0
0
0
0
0
0
0
0
0
0
0
0
0
0
0
0
0
0
0
0
0
0
0
0
0
0
0
0
0
0
0
0
0
0
0
0
0
0
0
0
0
0
0
0
0
0
0
0
0
0
0
0
0
0
0
0
0
0
0
0
0
0
0
0
0
0
0
0
0
0
0
0
0
0
0
0
0
0
0
0
0
0
0
0
0
0
0
0
0
0
0
0
0
0
0
0
0
0
0
0
0
0
0
0
0
0
0
0
0
0
0
0
0
0
0
0
0
0
0
0
0
0
0
0
0
0
0
0
0
0
0
0
0
0
0
0
0
0
0
0
0
0
0
0
0
0
0
0
0
0
0
0
0
0
0
0
0
0
0
0
0
0
0
0
0
0
0
0
0
0
0
0
0
0
0
0
0
0
0
0
0
0
0
0
0
0
0
0
0
0
0
0
0
0
0
0
0
0
0
0
0
0
0
0
0
0
0
0
0
0
0
0
0
0
0
0
0
0
0
0
0
0
0
0
0
0
0
0
0
0
0
0
0
0
0
0
0
0
0
0
0
0
0
0
0
0
0
0
0
0
0
0
0
0
0
0
0
0
0
0
0
0
0
0
0
0
0
0
0
0
0
0
0
0
0
0
0
0
0
0
0
0
0
0
0
0
0
0
0
0
0
0
0
0
0
0
0
0
0
0
0
0
0
0
0
0
0
0
0
0
0
0
0
0
0
0
0
0
0
0
0
0
0
0
0
0
0
0
0
0
0
0
0
0
0
0
0
0
0
0
0
0
0
0
0
0
0
0
0
0
0
0
0
0
0
0
0
0
0
0
0
0
0
0
0
0
0
0
0
0
0
0
0
0
0
0
0
0
0
0
0
0
0
0
0
0
0
0
0
0
0
0
0
0
0
0
0
0
0
0
0
0
0
0
0
0
0
0
0
0
0
0
0
0
0
0
0
0
0
0
0
0
0
0
0
0
0
0
0
0
0
0
0
0
0
0
0
0
0
0
0
0
0
0
0
0
0
0
0
0
0
0
0
0
0
0
0
0
0
0
0
0
0
0
0
0
0
0
0
0
0
0
0
0
0
0
0
0
0
0
0
0
0
0
0
0
0
0
0
0
0
0
0
0
0
0
0
0
0
0
0
0
0
0
0
0
0
0
0
0
0
0
0
0
0
0
0
0
0
0
0
0
0
0
0
0
0
0
0
0
0
0
0
0
0
0
0
0
0
0
0
0
0
0
0
0
0
0
0
0
0
0
0
0
0
0
0
0
0
0
0
0
0
0
0
0
0
0
0
0
0
0
0
0
0
0
0
0
0
0
0
0
0
0
0
0
0
0
0
0
0
0
0
0
0
0
0
0
0
0
0
0
0
0
0
0
0
0
0
0
0
0
0
0
0
0
0
0
0
0
0
0
0
0
0
0
0
0
0
0
0
0
0
0
0
0
0
0
0
0
0
0
0
0
0
0
0
0
0
0
0
0
0
0
0
0
0
0
0
0
0
0
0
0
0
0
0
0
0
0
0
0
0
0
0
0
0
0
0
0
0
0
0
0
0
0
0
0
0
0
0
0
0
0
0
0
0
0
0
0
0
0
0
0
0
0
0
0
0
0
0
0
0
0
0
0
0
0
0
0
0
0
0
0
0
0
0
0
0
0
0
0
0
0
0
0
0
0
0
0
0
0
0
0
0
0
0
0
0
0
0
0
0
0
0
0
0
0
0
0
0
0
0
0
0
0
0
0
0
0
0
0
0
0
0
0
0
0
0
0
0
0
0
0
0
0
0
0
0
0
0
0
0
0
0
0
0
0
0
0
0
0
0
0
0
0
0
0
0
0
0
0
0
0
0
0
0
0
0
0
0
0
0
0
0
0
0
0
0
0
0
0
0
0
0
0
0
0
0
0
0
0
0
0
0
0
0
0
0
0
0
0
0
0
0
0
0
0
0
0
0
0
0
0
0
0
0
0
0
0
0
0
0
0
0
0
0
0
0
0
0
0
0
0
0
0
0
0
0
0
0
0
0
0
0
0
0
0
0
0
0
0
0
0
0
0
0
0
0
0
0
0
0
0
0
0
0
0
0
0
0
0
0
0
0
0
0
0
0
0
0
0
0
0
0
0
0
0
0
0
0
0
0
0
0
0
0
0
0
0
0
0
0
0
0
0
0
0
0
0
0
0
0
0
0
0
0
0
0
0
0
0
0
0
0
0
0
0
0
0
0
0
0
0
0
0
0
0
0
0
0
0
0
0
0
0
0
0
0
0
0
0
0
0
0
0
0
0
0
0
0
0
0
0
0
0
0
0
0
0
0
0
0
0
0
0
0
0
0
0
0
0
0
0
0
0
0
0
0
0
0
0
0
0
0
0
0
0
0
0
0
0
0
0
0
0
0
0
0
0
0
0
0
0
0
0
0
0
0
0
0
0
0
0
0
0
0
0
0
0
0
0
0
0
0
0
0
0
0
0
0
0
0
0
0
0
0
0
0
0
0
0
0
0
0
0
0
0
0
0
0
0
0
0
0
0
0
0
0
0
0
0
0
0
0
0
0
0
0
0
0
0
0
0
0
0
0
0
0
0
0
0
0
0
0
0
0
0
0
0
0
0
0
0
0
0
0
0
0
0
0
0
0
0
0
0
0
0
0
0
0
0
0
0
0
0
0
0
0
0
0
0
0
0
0
0
0
0
0
0
0
0
0
0
0
0
0
0
0
0
0
0
0
0
0
0
0
0
0
0
0
0
0
0
0
0
0
0
0
0
0
0
0
0
0
0
0
0
0
0
0
0
0
0
0
0
0
0
0
0
0
0
0
0
0
0
0
0
0
0
0
0
0
0
0
0
0
0
0
0
0
0
0
0
0
0
0
0
0
0
0
0
0
0
0
0
0
0
0
0
0
0
0
0
0
0
0
0
0
0
0
0
0
0
0
0
0
0
0
0
0
0
0
0
0
0
0
0
0
0
0
0
0
0
0
0
0
0
0
0
0
0
0
0
0
0
0
0
0
0
0
0
0
0
0
0
0
0
0
0
0
0
0
0
0
0
0
0
0
0
0
0
0
0
0
0
0
0
0
0
0
0
0
0
0
0
0
0
0
0
0
0
0
0
0
0
0
0
0
0
0
0
0
0
0
0
0
0
0
0
0
0
0
0
0
0
0
0
0
0
0
0
0
0
0
0
0
0
0
0
0
0
0
0
0
0
0
0
0
0
0
0
0
0
0
0
0
0
0
0
0
0
0
0
0
0
0
0
0
0
0
0
0
0
0
0
0
0
0
0
0
0
0
0
0
0
0
0
0
0
0
0
0
0
0
0
0
0
0
0
0
0
0
0
0
0
0
0
0
0
0
0
0
0
0
0
0
0
0
0
0
0
0
0
0
0
0
0
0
0
0
0
0
0
0
0
0
0
0
0
0
0
0
0
0
0
0
0
0
0
0
0
0
0
0
0
0
0
0
0
0
0
0
0
0
0
0
0
0
0
0
0
0
0
0
0
0
0
0
0
0
0
0
0
0
0
0
0
0
0
0
0
0
0
0
0
0
0
0
0
0
0
0
0
0
0
0
0
0
0
0
0
0
0
0
0
0
0
0
0
0
0
0
0
0
0
0
0
0
0
0
0
0
0
0
0
0
0
0
0
0
0
0
0
0
0
0
0
0
0
0
0
0
0
0
0
0
0
0
0
0
0
0
0
0
0
0
0
0
0
0
0
0
0
0
0
0
0
0
0
0
0
0
0
0
0
0
0
0
0
0
0
0
0
0
0
0
0
0
0
0
0
0
0
0
0
0
0
0
0
0
0
0
0
0
0
0
0
0
0
0
0
0
0
0
0
0
0
0
0
0
0
0
0
0
0
0
0
0
0
0
0
0
0
0
0
0
0
0
0
0
0
0
0
0
0
0
0
0
0
0
0
0
0
0
0
0
0
0
0
0
0
0
0
0
0
0
0
0
0
0
0
0
0
0
0
0
0
0
0
0
0
0
0
0
0
0
0
0
0
0
0
0
0
0
0
0
0
0
0
0
0
0
0
0
0
0
0
0
0
0
0
0
0
0
0
0
0
0
0
0
0
0
0
0
0
0
0
0
0
0
0
0
0
0
0
0
0
0
0
0
0
0
0
0
0
0
0
0
0
0
0
0
0
0
0
0
0
0
0
0
0
0
0
0
0
0
0
0
0
0
0
0
0
0
0
0
0
0
0
0
0
0
0
0
0
0
0
0
0
0
0
0
0
0
0
0
0
0
0
0
0
0
0
0
0
0
0
0
0
0
0
0
0
0
0
0
0
0
0
0
0
0
0
0
0
0
0
0
0
0
0
0
0
0
0
0
0
0
0
0
0
0
0
0
0
0
0
0
0
0
0
0
0
0
0
0
0
0
0
0
0
0
0
0
0
0
0
0
0
0
0
0
0
0
0
0
0
0
0
0
0
0
0
0
0
0
0
0
0
0
0
0
0
0
0
0
0
0
0
0
0
0
0
0
0
0
0
0
0
0
0
0
0
0
0
0
0
0
0
0
0
0
0
0
0
0
0
0
0
0
0
0
0
0
0
0
0
0
0
0
0
0
0
0
0
0
0
0
0
0
0
0
0
0
0
0
0
0
0
0
0
0
0
0
0
0
0
0
0
0
0
0
0
0
0
0
0
0
0
0
0
0
0
0
0
0
0
0
0
0
0
0
0
0
0
0
0
0
0
0
0
0
0
0
0
0
0
0
0
0
0
0
0
0
0
0
0
0
0
0
0
0
0
0
0
0
0
0
0
0
0
0
0
0
0
0
0
0
0
0
0
0
0
0
0
0
0
0
0
0
0
0
0
0
0
0
0
0
0
0
0
0
0
0
0
0
0
0
0
0
0
0
0
0
0
0
0
0
0
0
0
0
0
0
0
0
0
0
0
0
0
0
0
0
0
0
0
0
0
0
0
0
0
0
0
0
0
0
0
0
0
0
0
0
0
0
0
0
0
0
0
0
0
0
0
0
0
0
0
0
0
0
0
0
0
0
0
0
0
0
0
0
0
0
0
0
0
0
0
0
0
0
0
0
0
0
0
0
0
0
0
0
0
0
0
0
0
0
0
0
0
0
0
0
0
0
0
0
0
0
0
0
0
0
0
0
0
0
0
0
0
0
0
0
0
0
0
0
0
0
0
0
0
0
0
0
0
0
0
0
0
0
0
0
0
0
0
0
0
0
0
0
0
0
0
0
0
0
0
0
0
0
0
0
0
0
0
0
0
0
0
0
0
0
0
0
0
0
0
0
0
0
0
0
0
0
0
0
0
0
0
0
0
0
0
0
0
0
0
0
0
0
0
0
0
0
0
0
0
0
0
0
0
0
0
0
0
0
0
0
0
0
0
0
0
0
0
0
0
0
0
0
0
0
0
0
0
0
0
0
0
0
0
0
0
0
0
0
0
0
0
0
0
0
0
0
0
0
0
0
0
0
0
0
0
0
0
0
0
0
0
0
0
0
0
0
0
0
0
0
0
0
0
0
0
0
0
0
0
0
0
0
0
0
0
0
0
0
0
0
0
0
0
0
0
0
0
0
0
0
0
0
0
0
0
0
0
0
0
0
0
0
0
0
0
0
0
0
0
0
0
0
0
0
0
0
0
0
0
0
0
0
0
0
0
0
0
0
0
0
0
0
0
0
0
0
0
0
0
0
0
0
0
0
0
0
0
0
0
0
0
0
0
0
0
0
0
0
0
0
0
0
0
0
0
0
0
0
0
0
0
0
0
0
0
0
0
0
0
0
0
0
0
0
0
0
0
0
0
0
0
0
0
0
0
0
0
0
0
0
0
0
0
0
0
0
0
0
0
0
0
0
0
0
0
0
0
0
0
0
0
0
0
0
0
0
0
0
0
0
0
0
0
0
0
0
0
0
0
0
0
0
0
0
0
0
0
0
0
0
0
0
0
0
0
0
0
0
0
0
0
0
0
0
0
0
0
0
0
0
0
0
0
0
0
0
0
0
0
0
0
0
0
0
0
0
0
0
0
0
0
0
0
0
0
0
0
0
0
0
0
0
0
0
0
0
0
0
0
0
0
0
0
0
0
0
0
0
0
0
0
0
0
0
0
0
0
0
0
0
0
0
0
0
0
0
0
0
0
0
0
0
0
0
0
0
0
0
0
0
0
0
0
0
0
0
0
0
0
0
0
0
0
0
0
0
0
0
0
0
0
0
0
0
0
0
0
0
0
0
0
0
0
0
0
0
0
0
0
0
0
0
0
0
0
0
0
0
0
0
0
0
0
0
0
0
0
0
0
0
0
0
0
0
0
0
0
0
0
0
0
0
0
0
0
0
0
0
0
0
0
0
0
0
0
0
0
0
0
0
0
0
0
0
0
0
0
0
0
0
0
0
0
0
0
0
0
0
0
0
0
0
0
0
0
0
0
0
0
0
0
0
0
0
0
0
0
0
0
0
0
0
0
0
0
0
0
0
0
0
0
0
0
0
0
0
0
0
0
0
0
0
0
0
0
0
0
0
0
0
0
0
0
0
0
0
0
0
0
0
0
0
0
0
0
0
0
0
0
0
0
0
0
0
0
0
0
0
0
0
0
0
0
0
0
0
0
0
0
0
0
0
0
0
0
0
0
0
0
0
0
0
0
0
0
0
0
0
0
0
0
0
0
0
0
0
0
0
0
0
0
0
0
0
0
0
0
0
0
0
0
0
0
0
0
0
0
0
0
0
0
0
0
0
0
0
0
0
0
0
0
0
0
0
0
0
0
0
0
0
0
0
0
0
0
0
0
0
0
0
0
0
0
0
0
0
0
0
0
0
0
0
0
0
0
0
0
0
0
0
0
0
0
0
0
0
0
0
0
0
0
0
0
0
0
0
0
0
0
0
0
0
0
0
0
0
0
0
0
0
0
0
0
0
0
0
0
0
0
0
0
0
0
0
0
0
0
0
0
0
0
0
0
0
0
0
0
0
0
0
0
0
0
0
0
0
0
0
0
0
0
0
0
0
0
0
0
0
0
0
0
0
0
0
0
0
0
0
0
0
0
0
0
0
0
0
0
0
0
0
0
0
0
0
0
0
0
0
0
0
0
0
0
0
0
0
0
0
0
0
0
0
0
0
0
0
0
0
0
0
0
0
0
0
0
0
0
0
0
0
0
0
0
0
0
0
0
0
0
0
0
0
0
0
0
0
0
0
0
0
0
0
0
0
0
0
0
0
0
0
0
0
0
0
0
0
0
0
0
0
0
0
0
0
0
0
0
0
0
0
0
0
0
0
0
0
0
0
0
0
0
0
0
0
0
0
0
0
0
0
0
0
0
0
0
0
0
0
0
0
0
0
0
0
0
0
0
0
0
0
0
0
0
0
0
0
0
0
0
0
0
0
0
0
0
0
0
0
0
0
0
0
0
0
0
0
0
0
0
0
0
0
0
0
0
0
0
0
0
0
0
0
0
0
0
0
0
0
0
0
0
0
0
0
0
0
0
0
0
0
0
0
0
0
0
0
0
0
0
0
0
0
0
0
0
0
0
0
0
0
0
0
0
0
0
0
0
0
0
0
0
0
0
0
0
0
0
0
0
0
0
0
0
0
0
0
0
0
0
0
0
0
0
0
0
0
0
0
0
0
0
0
0
0
0
0
0
0
0
0
0
0
0
0
0
0
0
0
0
0
0
0
0
0
0
0
0
0
0
0
0
0
0
0
0
0
0
0
0
0
0
0
0
0
0
0
0
0
0
0
0
0
0
0
0
0
0
0
0
0
0
0
0
0
0
0
0
0
0
0
0
0
0
0
0
0
0
0
0
0
0
0
0
0
0
0
0
0
0
0
0
0
0
0
0
0
0
0
0
0
0
0
0
0
0
0
0
0
0
0
0
0
0
0
0
0
0
0
0
0
0
0
0
0
0
0
0
0
0
0
0
0
0
0
0
0
0
0
0
0
0
0
0
0
0
0
0
0
0
0
0
0
0
0
0
0
0
0
0
0
0
0
0
0
0
0
0
0
0
0
0
0
0
0
0
0
0
0
0
0
0
0
0
0
0
0
0
0
0
0
0
0
0
0
0
0
0
0
0
0
0
0
0
0
0
0
0
0
0
0
0
0
0
0
0
0
0
0
0
0
0
0
0
0
0
0
0
0
0
0
0
0
0
0
0
0
0
0
0
0
0
0
0
0
0
0
0
0
0
0
0
0
0
0
0
0
0
0
0
0
0
0
0
0
0
0
0
0
0
0
0
0
0
0
0
0
0
0
0
0
0
0
0
0
0
0
0
0
0
0
0
0
0
0
0
0
0
0
0
0
0
0
0
0
0
0
0
0
0
0
0
0
0
0
0
0
0
0
0
0
0
0
0
0
0
0
0
0
0
0
0
0
0
0
0
0
0
0
0
0
0
0
0
0
0
0
0
0
0
0
0
0
0
0
0
0
0
0
0
0
0
0
0
0
0
0
0
0
0
0
0
0
0
0
0
0
0
0
0
0
0
0
0
0
0
0
0
0
0
0
0
0
0
0
0
0
0
0
0
0
0
0
0
0
0
0
0
0
0
0
0
0
0
0
0
0
0
0
0
0
0
0
0
0
0
0
0
0
0
0
0
0
0
0
0
0
0
0
0
0
0
0
0
0
0
0
0
0
0
0
0
0
0
0
0
0
0
0
0
0
0
0
0
0
0
0
0
0
0
0
0
0
0
0
0
0
0
0
0
0
0
0
0
0
0
0
0
0
0
0
0
0
0
0
0
0
0
0
0
0
0
0
0
0
0
0
0
0
0
0
0
0
0
0
0
0
0
0
0
0
0
0
0
0
0
0
0
0
0
0
0
0
0
0
0
0
0
0
0
0
0
0
0
0
0
0
0
0
0
0
0
0
0
0
0
0
0
0
0
0
0
0
0
0
0
0
0
0
0
0
0
0
0
0
0
0
0
0
0
0
0
0
0
0
0
0
0
0
0
0
0
0
0
0
0
0
0
0
0
0
0
0
0
0
0
0
0
0
0
0
0
0
0
0
0
0
0
0
0
0
0
0
0
0
0
0
0
0
0
0
0
0
0
0
0
0
0
0
0
0
0
0
0
0
0
0
0
0
0
0
0
0
0
0
0
0
0
0
0
0
0
0
0
0
0
0
0
0
0
0
0
0
0
0
0
0
0
0
0
0
0
0
0
0
0
0
0
0
0
0
0
0
0
0
0
0
0
0
0
0
0
0
0
0
0
0
0
0
0
0
0
0
0
0
0
0
0
0
0
0
0
0
0
0
0
0
0
0
0
0
0
0
0
0
0
0
0
0
0
0
0
0
0
0
0
0
0
0
0
0
0
0
0
0
0
0
0
0
0
0
0
0
0
0
0
0
0
0
0
0
0
0
0
0
0
0
0
0
0
0
0
0
0
0
0
0
0
0
0
0
0
0
0
0
0
0
0
0
0
0
0
0
0
0
0
0
0
0
0
0
0
0
0
0
0
0
0
0
0
0
0
0
0
0
0
0
0
0
0
0
0
0
0
0
0
0
0
0
0
0
0
0
0
0
0
0
0
0
0
0
0
0
0
0
0
0
0
0
0
0
0
0
0
0
0
0
0
0
0
0
0
0
0
0
0
0
0
0
0
0
0
0
0
0
0
0
0
0
0
0
0
0
0
0
0
0
0
0
0
0
0
0
0
0
0
0
0
0
0
0
0
0
0
0
0
0
0
0
0
0
0
0
0
0
0
0
0
0
0
0
0
0
0
0
0
0
0
0
0
0
0
0
0
0
0
0
0
0
0
0
0
0
0
0
0
0
0
0
0
0
0
0
0
0
0
0
0
0
0
0
0
0
0
0
0
0
0
0
0
0
0
0
0
0
0
0
0
0
0
0
0
0
0
0
0
0
0
0
0
0
0
0
0
0
0
0
0
0
0
0
0
0
0
0
0
0
0
0
0
0
0
0
0
0
0
0
0
0
0
0
0
0
0
0
0
0
0
0
0
0
0
0
0
0
0
0
0
0
0
0
0
0
0
0
0
0
0
0
0
0
0
0
0
0
0
0
0
0
0
0
0
0
0
0
0
0
0
0
0
0
0
0
0
0
0
0
0
0
0
0
0
0
0
0
0
0
0
0
0
0
0
0
0
0
0
0
0
0
0
0
0
0
0
0
0
0
0
0
0
0
0
0
0
0
0
0
0
0
0
0
0
0
0
0
0
0
0
0
0
0
0
0
0
0
0
0
0
0
0
0
0
0
0
0
0
0
0
0
0
0
0
0
0
0
0
0
0
0
0
0
0
0
0
0
0
0
0
0
0
0
0
0
0
0
0
0
0
0
0
0
0
0
0
0
0
0
0
0
0
0
0
0
0
0
0
0
0
0
0
0
0
0
0
0
0
0
0
0
0
0
0
0
0
0
0
0
0
0
0
0
0
0
0
0
0
0
0
0
0
0
0
0
0
0
0
0
0
0
0
0
0
0
0
0
0
0
0
0
0
0
0
0
0
0
0
0
0
0
0
0
0
0
0
0
0
0
0
0
0
0
0
0
0
0
0
0
0
0
0
0
0
0
0
0
0
0
0
0
0
0
0
0
0
0
0
0
0
0
0
0
0
0
0
0
0
0
0
0
0
0
0
0
0
0
0
0
0
0
0
0
0
0
0
0
0
0
0
0
0
0
0
0
0
0
0
0
0
0
0
0
0
0
0
0
0
0
0
0
0
0
0
0
0
0
0
0
0
0
0
0
0
0
0
0
0
0
0
0
0
0
0
0
0
0
0
0
0
0
0
0
0
0
0
0
0
0
0
0
0
0
0
0
0
0
0
0
0
0
0
0
0
0
0
0
0
0
0
0
0
0
0
0
0
0
0
0
0
0
0
0
0
0
0
0
0
0
0
0
0
0
0
0
0
0
0
0
0
0
0
0
0
0
0
0
0
0
0
0
0
0
0
0
0
0
0
0
0
0
0
0
0
0
0
0
0
0
0
0
0
0
0
0
0
0
0
0
0
0
0
0
0
0
0
0
0
0
0
0
0
0
0
0
0
0
0
0
0
0
0
0
0
0
0
0
0
0
0
0
0
0
0
0
0
0
0
0
0
0
0
0
0
0
0
0
0
0
0
0
0
0
0
0
0
0
0
0
0
0
0
0
0
0
0
0
0
0
0
0
0
0
0
0
0
0
0
0
0
0
0
0
0
0
0
0
0
0
0
0
0
0
0
0
0
0
0
0
0
0
0
0
0
0
0
0
0
0
0
0
0
0
0
0
0
0
0
0
0
0
0
0
0
0
0
0
0
0
0
0
0
0
0
0
0
0
0
0
0
0
0
0
0
0
0
0
0
0
0
0
0
0
0
0
0
0
0
0
0
0
0
0
0
0
0
0
0
0
0
0
0
0
0
0
0
0
0
0
0
0
0
0
0
0
0
0
0
0
0
0
0
0
0
0
0
0
0
0
0
0
0
0
0
0
0
0
0
0
0
0
0
0
0
0
0
0
0
0
0
0
0
0
0
0
0
0
0
0
0
0
0
0
0
0
0
0
0
0
0
0
0
0
0
0
0
0
0
0
0
0
0
0
0
0
0
0
0
0
0
0
0
0
0
0
0
0
0
0
0
0
0
0
0
0
0
0
0
0
0
0
0
0
0
0
0
0
0
0
0
0
0
0
0
0
0
0
0
0
0
0
0
0
0
0
0
0
0
0
0
0
0
0
0
0
0
0
0
0
0
0
0
0
0
0
0
0
0
0
0
0
0
0
0
0
0
0
0
0
0
0
0
0
0
0
0
0
0
0
0
0
0
0
0
0
0
0
0
0
0
0
0
0
0
0
0
0
0
0
0
0
0
0
0
0
0
0
0
0
0
0
0
0
0
0
0
0
0
0
0
0
0
0
0
0
0
0
0
0
0
0
0
0
0
0
0
0
0
0
0
0
0
0
0
0
0
0
0
0
0
0
0
0
0
0
0
0
0
0
0
0
0
0
0
0
0
0
0
0
0
0
0
0
0
0
0
0
0
0
0
0
0
0
0
0
0
0
0
0
0
0
0
0
0
0
0
0
0
0
0
0
0
0
0
0
0
0
0
0
0
0
0
0
0
0
0
0
0
0
0
0
0
0
0
0
0
0
0
0
0
0
0
0
0
0
0
0
0
0
0
0
0
0
0
0
0
0
0
0
0
0
0
0
0
0
0
0
0
0
0
0
0
0
0
0
0
0
0
0
0
0
0
0
0
0
0
0
0
0
0
0
0
0
0
0
0
0
0
0
0
0
0
0
0
0
0
0
0
0
0
0
0
0
0
0
0
0
0
0
0
0
0
0
0
0
0
0
0
0
0
0
0
0
0
0
0
0
0
0
0
0
0
0
0
0
0
0
0
0
0
0
0
0
0
0
0
0
0
0
0
0
0
0
0
0
0
0
0
0
0
0
0
0
0
0
0
0
0
0
0
0
0
0
0
0
0
0
0
0
0
0
0
0
0
0
0
0
0
0
0
0
0
0
0
0
0
0
0
0
0
0
0
0
0
0
0
0
0
0
0
0
0
0
0
0
0
0
0
0
0
0
0
0
0
0
0
0
0
0
0
0
0
0
0
0
0
0
0
0
0
0
0
0
0
0
0
0
0
0
0
0
0
0
0
0
0
0
0
0
0
0
0
0
0
0
0
0
0
0
0
0
0
0
0
0
0
0
0
0
0
0
0
0
0
0
0
0
0
0
0
0
0
0
0
0
0
0
0
0
0
0
0
0
0
0
0
0
0
0
0
0
0
0
0
0
0
0
0
0
0
0
0
0
0
0
0
0
0
0
0
0
0
0
0
0
0
0
0
0
0
0
0
0
0
0
0
0
0
0
0
0
0
0
0
0
0
0
0
0
0
0
0
0
0
0
0
0
0
0
0
0
0
0
0
0
0
0
0
0
0
0
0
0
0
0
0
0
0
0
0
0
0
0
0
0
0
0
0
0
0
0
0
0
0
0
0
0
0
0
0
0
0
0
0
0
0
0
0
0
0
0
0
0
0
0
0
0
0
0
0
0
0
0
0
0
0
0
0
0
0
0
0
0
0
0
0
0
0
0
0
0
0
0
0
0
0
0
0
0
0
0
0
0
0
0
0
0
0
0
0
0
0
0
0
0
0
0
0
0
0
0
0
0
0
0
0
0
0
0
0
0
0
0
0
0
0
0
0
0
0
0
0
0
0
0
0
0
0
0
0
0
0
0
0
0
0
0
0
0
0
0
0
0
0
0
0
0
0
0
0
0
0
0
0
0
0
0
0
0
0
0
0
0
0
0
0
0
0
0
0
0
0
0
0
0
0
0
0
0
0
0
0
0
0
0
0
0
0
0
0
0
0
0
0
0
0
0
0
0
0
0
0
0
0
0
0
0
0
0
0
0
0
0
0
0
0
0
0
0
0
0
0
0
0
0
0
0
0
0
0
0
0
0
0
0
0
0
0
0
0
0
0
0
0
0
0
0
0
0
0
0
0
0
0
0
0
0
0
0
0
0
0
0
0
0
0
0
0
0
0
0
0
0
0
0
0
0
0
0
0
0
0
0
0
0
0
0
0
0
0
0
0
0
0
0
0
0
0
0
0
0
0
0
0
0
0
0
0
0
0
0
0
0
0
0
0
0
0
0
0
0
0
0
0
0
0
0
0
0
0
0
0
0
0
0
0
0
0
0
0
0
0
0
0
0
0
0
0
0
0
0
0
0
0
0
0
0
0
0
0
0
0
0
0
0
0
0
0
0
0
0
0
0
0
0
0
0
0
0
0
0
0
0
0
0
0
0
0
0
0
0
0
0
0
0
0
0
0
0
0
0
0
0
0
0
0
0
0
0
0
0
0
0
0
0
0
0
0
0
0
0
0
0
0
0
0
0
0
0
0
0
0
0
0
0
0
0
0
0
0
0
0
0
0
0
0
0
0
0
0
0
0
0
0
0
0
0
0
0
0
0
0
0
0
0
0
0
0
0
0
0
0
0
0
0
0
0
0
0
0
0
0
0
0
0
0
0
0
0
0
0
0
0
0
0
0
0
0
0
0
0
0
0
0
0
0
0
0
0
0
0
0
0
0
0
0
0
0
0
0
0
0
0
0
0
0
0
0
0
0
0
0
0
0
0
0
0
0
0
0
0
0
0
0
0
0
0
0
0
0
0
0
0
0
0
0
0
0
0
0
0
0
0
0
0
0
0
0
0
0
0
0
0
0
0
0
0
0
0
0
0
0
0
0
0
0
0
0
0
0
0
0
0
0
0
0
0
0
0
0
0
0
0
0
0
0
0
0
0
0
0
0
0
0
0
0
0
0
0
0
0
0
0
0
0
0
0
0
0
0
0
0
0
0
0
0
0
0
0
0
0
0
0
0
0
0
0
0
0
0
0
0
0
0
0
0
0
0
0
0
0
0
0
0
0
0
0
0
0
0
0
0
0
0
0
0
0
0
0
0
0
0
0
0
0
0
0
0
0
0
0
0
0
0
0
0
0
0
0
0
0
0
0
0
0
0
0
0
0
0
0
0
0
0
0
0
0
0
0
0
0
0
0
0
0
0
0
0
0
0
0
0
0
0
0
0
0
0
0
0
0
0
0
0
0
0
0
0
0
0
0
0
0
0
0
0
0
0
0
0
0
0
0
0
0
0
0
0
0
0
0
0
0
0
0
0
0
0
0
0
0
0
0
0
0
0
0
0
0
0
0
0
0
0
0
0
0
0
0
0
0
0
0
0
0
0
0
0
0
0
0
0
0
0
0
0
0
0
0
0
0
0
0
0
0
0
0
0
0
0
0
0
0
0
0
0
0
0
0
0
0
0
0
0
0
0
0
0
0
0
0
0
0
0
0
0
0
0
0
0
0
0
0
0
0
0
0
0
0
0
0
0
0
0
0
0
0
0
0
0
0
0
0
0
0
0
0
0
0
0
0
0
0
0
0
0
0
0
0
0
0
0
0
0
0
0
0
0
0
0
0
0
0
0
0
0
0
0
0
0
0
0
0
0
0
0
0
0
0
0
0
0
0
0
0
0
0
0
0
0
0
0
0
0
0
0
0
0
0
0
0
0
0
0
0
0
0
0
0
0
0
0
0
0
0
0
0
0
0
0
0
0
0
0
0
0
0
0
0
0
0
0
0
0
0
0
0
0
0
0
0
0
0
0
0
0
0
0
0
0
0
0
0
0
0
0
0
0
0
0
0
0
0
0
0
0
0
0
0
0
0
0
0
0
0
0
0
0
0
0
0
0
0
0
0
0
0
0
0
0
0
0
0
0
0
0
0
0
0
0
0
0
0
0
0
0
0
0
0
0
0
0
0
0
0
0
0
0
0
0
0
0
0
0
0
0
0
0
0
0
0
0
0
0
0
0
0
0
0
0
0
0
0
0
0
0
0
0
0
0
0
0
0
0
0
0
0
0
0
0
0
0
0
0
0
0
0
0
0
0
0
0
0
0
0
0
0
0
0
0
0
0
0
0
0
0
0
0
0
0
0
0
0
0
0
0
0
0
0
0
0
0
0
0
0
0
0
0
0
0
0
0
0
0
0
0
0
0
0
0
0
0
0
0
0
0
0
0
0
0
0
0
0
0
0
0
0
0
0
0
0
0
0
0
0
0
0
0
0
0
0
0
0
0
0
0
0
0
0
0
0
0
0
0
0
0
0
0
0
0
0
0
0
0
0
0
0
0
0
0
0
0
0
0
0
0
0
0
0
0
0
0
0
0
0
0
0
0
0
0
0
0
0
0
0
0
0
0
0
0
0
0
0
0
0
0
0
0
0
0
0
0
0
0
0
0
0
0
0
0
0
0
0
0
0
0
0
0
0
0
0
0
0
0
0
0
0
0
0
0
0
0
0
0
0
0
0
0
0
0
0
0
0
0
0
0
0
0
0
0
0
0
0
0
0
0
0
0
0
0
0
0
0
0
0
0
0
0
0
0
0
0
0
0
0
0
0
0
0
0
0
0
0
0
0
0
0
0
0
0
0
0
0
0
0
0
0
0
0
0
0
0
0
0
0
0
0
0
0
0
0
0
0
0
0
0
0
0
0
0
0
0
0
0
0
0
0
0
0
0
0
0
0
0
0
0
0
0
0
0
0
0
0
0
0
0
0
0
0
0
0
0
0
0
0
0
0
0
0
0
0
0
0
0
0
0
0
0
0
0
0
0
0
0
0
0
0
0
0
0
0
0
0
0
0
0
0
0
0
0
0
0
0
0
0
0
0
0
0
0
0
0
0
0
0
0
0
0
0
0
0
0
0
0
0
0
0
0
0
0
0
0
0
0
0
0
0
0
0
0
0
0
0
0
0
0
0
0
0
0
0
0
0
0
0
0
0
0
0
0
0
0
0
0
0
0
0
0
0
0
0
0
0
0
0
0
0
0
0
0
0
0
0
0
0
0
0
0
0
0
0
0
0
0
0
0
0
0
0
0
0
0
0
0
0
0
0
0
0
0
0
0
0
0
0
0
0
0
0
0
0
0
0
0
0
0
0
0
0
0
0
0
0
0
0
0
0
0
0
0
0
0
0
0
0
0
0
0
0
0
0
0
0
0
0
0
0
0
0
0
0
0
0
0
0
0
0
0
0
0
0
0
0
0
0
0
0
0
0
0
0
0
0
0
0
0
0
0
0
0
0
0
0
0
0
0
0
0
0
0
0
0
0
0
0
0
0
0
0
0
0
0
0
0
0
0
0
0
0
0
0
0
0
0
0
0
0
0
0
0
0
0
0
0
0
0
0
0
0
0
0
0
0
0
0
0
0
0
0
0
0
0
0
0
0
0
0
0
0
0
0
0
0
0
0
0
0
0
0
0
0
0
0
0
0
0
0
0
0
0
0
0
0
0
0
0
0
0
0
0
0
0
0
0
0
0
0
0
0
0
0
0
0
0
0
0
0
0
0
0
0
0
0
0
0
0
0
0
0
0
0
0
0
0
0
0
0
0
0
0
0
0
0
0
0
0
0
0
0
0
0
0
0
0
0
0
0
0
0
0
0
0
0
0
0
0
0
0
0
0
0
0
0
0
0
0
0
0
0
0
0
0
0
0
0
0
0
0
0
0
0
0
0
0
0
0
0
0
0
0
0
0
0
0
0
0
0
0
0
0
0
0
0
0
0
0
0
0
0
0
0
0
0
0
0
0
0
0
0
0
0
0
0
0
0
0
0
0
0
0
0
0
0
0
0
0
0
0
0
0
0
0
0
0
0
0
0
0
0
0
0
0
0
0
0
0
0
0
0
0
0
0
0
0
0
0
0
0
0
0
0
0
0
0
0
0
0
0
0
0
0
0
0
0
0
0
0
0
0
0
0
0
0
0
0
0
0
0
0
0
0
0
0
0
0
0
0
0
0
0
0
0
0
0
0
0
0
0
0
0
0
0
0
0
0
0
0
0
0
0
0
0
0
0
0
0
0
0
0
0
0
0
0
0
0
0
0
0
0
0
0
0
0
0
0
0
0
0
0
0
0
0
0
0
0
0
0
0
0
0
0
0
0
0
0
0
0
0
0
0
0
0
0
0
0
0
0
0
0
0
0
0
0
0
0
0
0
0
0
0
0
0
0
0
0
0
0
0
0
0
0
0
0
0
0
0
0
0
0
0
0
0
0
0
0
0
0
0
0
0
0
0
0
0
0
0
0
0
0
0
0
0
0
0
0
0
0
0
0
0
0
0
0
0
0
0
0
0
0
0
0
0
0
0
0
0
0
0
0
0
0
0
0
0
0
0
0
0
0
0
0
0
0
0
0
0
0
0
0
0
0
0
0
0
0
0
0
0
0
0
0
0
0
0
0
0
0
0
0
0
0
0
0
0
0
0
0
0
0
0
0
0
0
0
0
0
0
0
0
0
0
0
0
0
0
0
0
0
0
0
0
0
0
0
0
0
0
0
0
0
0
0
0
0
0
0
0
0
0
0
0
0
0
0
0
0
0
0
0
0
0
0
0
0
0
0
0
0
0
0
0
0
0
0
0
0
0
0
0
0
0
0
0
0
0
0
0
0
0
0
0
0
0
0
0
0
0
0
0
0
0
0
0
0
0
0
0
0
0
0
0
0
0
0
0
0
0
0
0
0
0
0
0
0
0
0
0
0
0
0
0
0
0
0
0
0
0
0
0
0
0
0
0
0
0
0
0
0
0
0
0
0
0
0
0
0
0
0
0
0
0
0
0
0
0
0
0
0
0
0
0
0
0
0
0
0
0
0
0
0
0
0
0
0
0
0
0
0
0
0
0
0
0
0
0
0
0
0
0
0
0
0
0
0
0
0
0
0
0
0
0
0
0
0
0
0
0
0
0
0
0
0
0
0
0
0
0
0
0
0
0
0
0
0
0
0
0
0
0
0
0
0
0
0
0
0
0
0
0
0
0
0
0
0
0
0
0
0
0
0
0
0
0
0
0
0
0
0
0
0
0
0
0
0
0
0
0
0
0
0
0
0
0
0
0
0
0
0
0
0
0
0
0
0
0
0
0
0
0
0
0
0
0
0
0
0
0
0
0
0
0
0
0
0
0
0
0
0
0
0
0
0
0
0
0
0
0
0
0
0
0
0
0
0
0
0
0
0
0
0
0
0
0
0
0
0
0
0
0
0
0
0
0
0
0
0
0
0
0
0
0
0
0
0
0
0
0
0
0
0
0
0
0
0
0
0
0
0
0
0
0
0
0
0
0
0
0
0
0
0
0
0
0
0
0
0
0
0
0
0
0
0
0
0
0
0
0
0
0
0
0
0
0
0
0
0
0
0
0
0
0
0
0
0
0
0
0
0
0
0
0
0
0
0
0
0
0
0
0
0
0
0
0
0
0
0
0
0
0
0
0
0
0
0
0
0
0
0
0
0
0
0
0
0
0
0
0
0
0
0
0
0
0
0
0
0
0
0
0
0
0
0
0
0
0
0
0
0
0
0
0
0
0
0
0
0
0
0
0
0
0
0
0
0
0
0
0
0
0
0
0
0
0
0
0
0
0
0
0
0
0
0
0
0
0
0
0
0
0
0
0
0
0
0
0
0
0
0
0
0
0
0
0
0
0
0
0
0
0
0
0
0
0
0
0
0
0
0
0
0
0
0
0
0
0
0
